!POPULATE
*
0402
*
1367
1367
1367
1537
1367
1367
1367
1367
1367
1367
1367
1367
1367
1367
1367
1367
1367
1367
1537
*
1893
1755
1755
1755
1755
1755
1893
1755
1893
1755
1755
1573
1893
1573
1573
1893
1573
1551
1551
2083
1695
1695
1695
1695
1065
1695
1177
1755
*
0312
*
0904
1722
1641
1641
1641
*
0729
0729
0729
0729
0729
0729
0729
0729
0733
0729
0729
0733
0733
0733
0729
0729
0729
0729
0733
0729
0729
0729
0729
0729
0733
0733
0729
0729
0729
0729
0729
0733
0733
1944
1944
1944
*
0312
1354
0743
0742
0743
0630
0508
0742
0742
0508
0508
0508
0659
0508
1441
0742
0508
0659
0659
0659
1755
1336
1893
2049
2049
2124
2049
1893
2049
2049
1893
2049
2049
2049
1963
1931
0630
0399
0399
0399
0399
0399
0399
0399
0399
0634
0065
0399
0399
0399
0399
0630
0630
0630
0630
0630
0630
0630
0630
0630
0630
0037
0461
0399
0399
0399
0399
0630
0634
0634
0399
0630
0630
0630
0461
0630
0630
0630
0630
0630
0399
0399
0399
0399
0399
0399
0399
0246
0630
0399
0634
0630
0630
0630
0630
0065
0065
0065
0063
0508
0584
0065
0236
0630
0630
0630
0630
0630
0630
0630
0630
0065
0236
0508
0065
0236
0508
0609
0461
0461
0461
0630
0399
0236
0236
0584
0100
0516
0236
0630
0630
0630
0630
0630
0630
0630
0630
0630
0630
0630
0630
0630
0630
0630
0630
0630
0508
0508
0399
0399
0399
0389
0389
0576
0389
0576
0389
0389
0576
0389
0576
0574
0389
0576
0389
0576
0389
0576
0389
0576
0389
0576
0389
0576
0379
0389
0576
0389
0389
0576
0389
0576
0630
0461
0659
0461
0508
0508
0508
0508
0399
0508
0399
0389
0576
0389
0576
0389
0576
0389
0576
0389
0576
0574
0389
0576
0389
0389
0576
0389
0576
0389
0576
0389
0576
0389
0576
0379
0576
0389
0292
0191
0389
0576
0389
0576
0389
0576
0508
1441
0630
0244
0399
0063
0742
0742
0544
0219
0219
0219
0219
0219
0219
0630
0246
0630
0246
0037
0246
0244
0246
0245
0246
0037
0065
0246
0246
0399
0037
0246
0405
0399
0405
0037
0246
0292
0206
0245
0724
0461
1354
0630
0065
0630
0461
0630
0574
0389
0389
0389
1287
1287
1287
1287
0659
0659
0508
0508
0508
0659
0659
0659
0743
0743
0840
0840
0724
0065
0461
0584
0630
0508
0508
0508
0508
0508
0501
0508
0508
0508
0508
0508
0065
0743
0743
0508
0659
0508
0508
0659
0659
0659
0659
0508
*
0218
0446
2060
*
0065
0065
0300
0300
0300
*
0742
0742
1391
1737
2317
2317
2017
2011
2010
2010
2317
2317
2317
2317
2317
2317
2317
2317
2317
2317
2317
2317
2317
2317
2317
2317
2317
2317
2317
2317
2317
2317
2317
2317
2317
2317
2317
2317
2317
2317
2317
2317
2317
2317
1798
2169
1874
1875
1874
1874
1798
1584
1065
1695
1613
1695
1695
1613
1695
0696
0696
0065
2267
0037
0065
0292
0065
0065
0065
0246
0246
0304
0521
0387
0292
0387
0065
0037
0521
0065
0065
0065
0386
0387
0440
0292
0292
0310
0521
0065
0387
0065
0065
0311
0310
0292
0742
0742
0742
0246
0292
*
1065
1065
1065
1065
0696
1065
0399
1065
1065
1065
1065
1065
1065
1065
0065
0696
1065
2132
2289
2289
2289
1759
1759
1893
1893
0065
0246
0502
0244
0244
0246
0077
0191
0742
0471
0696
1065
0696
0515
0696
1065
0065
0471
1065
0065
0696
0696
1065
1065
0471
0742
0399
1065
1065
0399
1065
1065
0742
0065
0609
0065
0742
0742
0246
0246
0037
0065
1065
0037
1065
0399
0065
0065
0191
0191
0446
0459
0065
0275
0191
0037
0246
0191
0065
0239
0263
0246
0246
0399
0064
0383
1613
1613
0742
1065
0508
0705
2025
2025
0615
1963
2078
*
0544
0065
0065
0205
0246
0399
0292
0065
0399
0246
0399
0399
0461
0065
0205
0382
0390
0609
0461
0461
0065
0065
0065
0065
0065
0065
0065
0065
1918
2169
0205
0544
0205
0544
0440
0292
0461
0461
0461
0461
2169
0037
0065
2010
0199
1065
*
1616
1616
1393
1393
1616
0653
1393
2042
1393
1616
2139
1616
1130
1130
1130
1130
2242
1616
1616
1616
1616
*
0244
0244
0245
*
2154
*
1756
1756
1634
1634
1634
1634
*
0292
0292
0037
0037
0064
0064
0136
0037
0244
0634
0634
0037
0292
0064
0064
0064
0037
0037
0037
0037
0402
0402
0037
0039
0185
0185
0185
0185
0292
0064
0064
0037
0037
0037
0402
0402
0037
0064
0037
0064
0064
0064
0064
0064
0064
0064
0064
0064
0064
0064
0064
0064
0245
2060
2060
2060
0064
2060
2060
2060
0136
0039
0039
0064
0039
0136
0136
0136
0039
1404
1404
1404
0037
0037
2013
0916
0916
*
2267
2193
1352
2267
1352
*
0218
0218
0218
0218
0100
0218
0101
2579
2579
2579
2577
2577
2577
2577
1224
2579
0101
0371
0245
0100
0236
0371
0100
0236
0101
0101
0218
2240
*
0115
0115
0115
0115
0115
0115
0115
0115
0593
0593
0593
0593
0593
0593
0593
0593
0593
0593
0593
0593
0593
0593
0593
0593
0593
0593
0115
0115
0115
0115
0115
0593
0593
0593
0593
0115
0593
0593
0593
0593
0593
0593
0593
0593
0593
0593
*
0037
0246
0584
0245
0310
0246
0246
0037
0310
0367
0696
0402
1065
1065
0402
0696
0696
1191
0065
1177
0065
0065
0065
0246
0246
*
1643
1643
*
0065
0514
0743
0743
0742
0514
0514
0514
0514
0514
0514
0743
0742
0742
0514
0742
0743
0742
0742
0514
0514
0514
0514
0514
0514
0514
0514
0514
0514
0742
0514
0514
0514
0742
0398
0743
0398
0743
0743
0743
0743
0743
0743
0743
0743
0743
1828
0514
0742
2153
0398
0514
0514
0514
0514
0743
0743
0743
0743
0742
0742
0742
0514
0514
0514
0742
0743
0743
0743
0743
0742
0742
1680
0514
0514
0743
0514
0514
0742
1680
0742
0514
0514
0514
0514
0742
0742
0742
0742
0742
0742
0742
0742
0742
0742
0742
0742
1680
1680
1680
0065
1680
0742
0514
0514
0743
0514
0065
0514
0514
0742
0742
0742
1680
0742
0836
1680
0065
0514
0742
0836
1680
0514
0514
0065
0514
0065
0743
0743
0742
0742
0742
0742
0743
0743
0634
0742
0742
0742
0743
0065
1336
0743
0742
0065
0742
0065
0742
0742
0742
0742
0742
0742
0742
0742
0742
1680
1680
0742
0065
0065
0742
0742
0514
0742
0742
0742
0742
0742
0742
0742
0446
1680
0742
0065
0514
0742
0742
0742
0065
0065
0743
0743
0742
0742
0742
0742
0742
0742
0742
0742
*
1590
1602
1602
1602
1590
1590
1590
1590
1602
1240
1240
1784
1602
1590
1590
1551
2246
*
0065
0446
0065
0065
*
0642
1937
1065
1065
1065
1065
1065
1065
1065
1065
1065
1065
0615
1065
1191
*
0223
0223
0563
0563
0563
0563
0563
0563
0563
0563
0563
0064
0219
0219
0219
0223
0223
0064
0064
0563
0563
0563
0223
0223
0223
0219
0219
0219
0219
0219
0223
0223
0223
0563
0223
0563
0223
0223
0223
0219
0219
0219
0219
0219
0223
0223
0223
0223
0223
0223
0563
0219
0219
0219
0223
0223
0223
0219
0219
0219
0223
0223
0223
0563
0563
0219
0219
0223
0223
0219
0223
0223
0223
0563
0563
0223
0223
0223
0563
0563
0563
0563
0223
0563
0563
0563
0563
0223
0563
0563
0563
0563
0563
0223
0563
0219
0563
0563
0223
0223
0563
0219
0219
0223
0223
0223
0223
0064
0198
0064
*
0246
1352
0065
0065
0743
0742
0742
0743
0742
0742
1680
0065
1065
0584
1737
1352
1799
0653
1065
1065
1342
0653
1799
1767
1177
0696
0696
0527
0696
0696
1065
0696
1549
1391
1065
1065
0065
0065
0065
0515
0515
0515
0515
1065
1944
1944
0065
0065
0065
1065
0065
0065
0584
1219
1219
1391
1549
0742
0743
0065
0246
0310
1342
1391
0065
0742
0742
0742
0742
1680
0742
0742
0742
0743
0742
0742
0742
0742
1219
1626
1271
0065
0515
0742
0742
0742
1065
1065
1065
0742
0584
0742
1065
1065
*
2586
2586
2586
2586
2586
2586
2586
*
0037
0037
0245
0300
0300
*
0236
0310
0310
0310
0310
0236
0065
0310
0310
0065
0236
0236
*
0653
0653
0137
0224
0224
0224
0224
0224
0224
0224
0224
0226
0653
0653
0224
0653
0653
0653
0653
0653
0653
0315
0315
0315
0315
0315
0315
0224
0226
0224
0224
0224
0226
0315
0315
0224
0226
0588
0224
0315
0315
0315
0315
0315
0315
0315
0653
0653
0224
0226
0224
0224
0224
0224
0224
0226
0224
0315
0315
0224
0224
0653
0653
0653
0653
0653
0315
0315
0588
0653
0653
0363
0742
*
0246
0246
0292
0696
1065
0696
1065
1065
0696
1065
0515
0696
0037
0399
0065
1065
1065
0065
0064
0402
0391
0246
0246
0065
1065
0037
0239
0383
0696
1065
0399
0515
0515
0696
0399
0236
0515
0515
0696
1065
0696
1065
1065
0705
0696
0742
0742
0471
0236
0645
0642
0300
0310
0065
0584
1065
0377
0391
1065
0547
1065
0065
0399
1065
1065
1065
0065
1065
0742
0065
0399
0399
0065
0065
0609
0547
1065
0547
1065
0391
0391
1065
0742
0399
0065
0547
0065
1065
0065
0065
0391
0391
0391
0391
0547
1065
0065
0312
0377
0391
0547
0065
0065
0547
1065
1584
1584
1065
1065
1065
0584
1065
0742
0688
0037
0065
0065
0322
0383
0383
0263
0239
0239
0383
0391
0065
0236
0688
2081
0688
2081
0065
0065
0688
1065
0642
1944
1944
1944
1982
1944
1944
1982
1982
1893
1893
0642
0064
0245
0399
0515
0696
0065
0399
0726
1928
1065
0615
2088
2078
2084
2010
1584
1584
2084
0065
2155
2060
2060
2153
1673
1695
1695
1899
2153
1673
1695
1695
2153
1673
1613
0688
0642
0642
0642
0642
0642
0642
0642
0642
0642
0642
2240
2088
2132
0806
1662
1680
1898
1897
2071
1177
1287
1715
1613
2088
1287
1710
1194
1715
1177
1336
1194
1695
1177
1680
1710
1715
1695
1177
1759
2241
2242
2242
2242
2242
2242
2242
2242
2242
2242
2011
2011
2011
2060
0645
0742
0742
0642
0642
0742
0742
1695
0065
0245
1680
2083
1680
2083
1680
1680
1065
2081
0742
1271
0515
0389
0584
0065
0642
0742
0065
1065
1584
1065
0689
1680
1680
1680
1680
0688
1065
0742
0065
*
1233
0065
*
0065
0502
0502
1755
1755
0065
*
2274
2274
2274
2274
2274
1872
2169
2169
1798
1798
2169
1798
1872
1874
1873
*
1748
1748
*
0065
0246
0275
0065
0246
0246
0246
0246
0246
0065
0399
0065
0065
0065
0399
0246
0245
0245
0246
0292
0399
0399
0037
0398
0037
0037
0065
0065
0065
0607
0065
0742
0742
0742
0742
0742
0742
1352
1352
1352
0065
0104
0104
0065
0275
0275
*
1820
*
0696
2049
1680
2049
0398
0515
0387
0065
0440
0446
0607
0607
0607
0065
0446
0065
0367
0446
0236
0515
0515
0515
0515
0515
0681
1065
1065
0037
0037
0037
0446
0065
0514
0514
0065
0065
0065
0514
0065
0065
0514
0065
0398
0065
0634
0743
0743
0742
0742
0742
0065
0742
0742
0742
0065
0742
0742
0742
0743
0514
0398
0398
0398
0398
0398
0398
0065
0065
0065
0065
0236
0367
0104
0037
0514
