!POPULATE
*
0742
0742
2154
2088
1265
0471
0584
0742
0742
0471
0471
1065
0742
1065
0471
1065
1944
1944
1352
1165
*
0490
0678
0678
0065
0678
0254
0254
0678
0678
0065
0254
0678
1664
0678
0678
0678
0678
0678
1664
0678
1664
1664
0302
0678
0254
0254
0254
0254
0254
0254
0254
0254
0254
0302
0678
0678
0678
0678
2505
0254
0678
0678
0678
0678
0254
0678
0254
0678
0678
1664
0678
1664
0678
0678
0678
0678
0678
0678
0678
0254
0678
1664
1664
1664
1664
1664
1664
1664
1664
1664
1664
0254
0678
0678
0254
0881
1664
0254
1338
1338
1338
1338
1338
0799
1338
1338
1338
1238
1238
1338
0678
0678
0678
0678
0678
0678
0678
0678
0678
0678
0678
0678
0678
0678
0678
0678
0678
0254
0254
0254
0254
0254
0136
0254
0254
0254
0254
0254
0254
0254
0254
0254
0254
0254
0678
0678
0678
0254
0678
0678
0678
0678
0678
1678
1678
0678
0678
0678
0254
0254
0254
0254
0254
0254
0254
0254
0254
0254
0254
0254
0254
0254
0254
0678
0254
0254
0254
0678
0678
0678
0678
0254
0678
0678
0254
0254
0678
0254
0302
0254
0302
0254
0302
0254
0302
0254
0254
0254
0254
0254
0254
0254
0254
0254
0678
0254
0254
0254
0254
0254
0254
0254
0678
0678
0678
0678
0678
0678
0678
0678
0254
0254
0678
1678
0678
1678
1678
0678
0678
0254
0254
0254
0254
0254
0254
0379
0302
0254
0254
0254
0254
0254
0254
0254
0678
0678
0678
0254
0254
0254
0254
0254
0254
0254
0254
0254
0254
0254
0576
0576
0389
0576
0302
0678
0254
0254
0254
0254
0254
0678
0254
0254
0254
0254
0254
0678
0678
0678
0678
0678
0678
0678
0678
0678
0254
0302
0678
0678
0678
0254
0254
0254
0254
0254
0678
0678
0254
0254
0678
0678
0678
0678
0678
0678
0678
0254
0254
0678
0254
0678
0678
0678
0678
0678
0678
0678
0254
0678
0678
0254
0678
0302
0544
0302
0678
0678
0678
0678
0678
0678
0678
0678
0678
0678
0678
0678
0678
0678
0678
0678
0678
0678
0254
0254
0254
0254
0254
0678
0678
1664
0678
0678
1678
1664
1664
1664
1664
1664
0678
1664
1664
1664
1664
1664
0678
0678
1664
1664
1664
1664
1664
1664
1664
1664
1664
1664
1664
1678
0678
0678
0678
1664
1664
1664
1664
0678
1664
0678
0678
1664
1664
1664
1664
1664
0678
0678
0678
0678
0678
1664
1664
1664
1664
1664
1664
0678
1664
1664
1664
1664
1664
1664
1664
1664
1664
1664
1664
1664
1664
1664
1664
1664
1664
1664
1664
1664
1664
1664
1664
1664
1664
1664
1664
1664
1664
1664
1664
1664
1664
1664
1664
1664
1664
1664
1664
1664
1664
1664
1664
1664
0678
0678
0678
0678
1664
1664
1664
1664
1664
0678
1664
1664
1664
1664
1664
1664
1664
1664
1664
1664
1664
1664
1664
1664
1664
1664
1664
1664
1664
1664
1664
0678
1664
1664
0678
1664
1664
1664
1664
1664
1664
1664
1664
1664
1664
1664
1664
1664
1664
1664
1664
1664
1664
1664
1664
1664
1664
1664
0254
0254
0254
0254
0254
0302
0302
0254
0254
0254
0254
0254
0254
0678
0254
0678
0302
0254
0678
0678
0678
0678
0678
0678
0191
0678
0254
1678
1678
1678
1678
1678
0678
1678
1678
1678
1678
1678
1678
1678
1678
1678
1678
1678
1678
1678
1678
1678
1678
0678
0678
0254
0254
1678
1678
0254
0254
1664
0254
1678
1678
0678
0678
0678
1678
0254
0254
0678
0254
0254
0678
0254
0254
0254
0678
0678
0678
0678
1678
0678
0678
1678
1678
0678
0678
0678
1678
0678
0678
1678
1678
1678
1678
1678
0678
0678
0678
0678
0678
1678
0678
0678
0254
1678
0678
1678
1678
1678
1678
1678
1678
1678
1678
1678
0254
0254
0254
0254
0678
0254
0254
0254
0254
0254
0254
0254
1678
1678
0678
0678
0678
1664
0254
0254
0254
0254
0254
0254
0254
0254
0254
0254
0254
0254
0254
0678
0678
1678
0254
0678
0254
0678
0678
0678
0678
0678
1678
1678
0678
1678
0678
0678
0678
1678
0678
1678
0678
0678
0678
0678
0678
1678
0678
0678
0678
0678
1678
0678
0678
0678
1678
0678
0254
0254
0254
0254
0678
0678
0678
0678
0678
0678
0678
0254
0254
0254
0678
0678
1664
0678
1664
1664
1664
1664
0678
1664
0678
0678
0678
0678
1664
1664
1664
1664
1664
1664
1664
1664
1664
1664
1664
1664
1664
1664
1664
0254
0254
0254
0254
0254
0254
0254
0254
0254
0678
0678
0678
0678
0678
0678
0678
1678
0678
0678
1678
1678
1678
1678
1678
1678
1664
1678
1678
1678
1664
0878
1664
1678
0678
0678
0678
0678
0678
0678
0678
0678
0678
1678
0678
0678
0678
0678
0678
1678
0678
0678
0678
0678
0678
1678
1678
0678
1678
1678
1678
1678
1678
1678
1678
1678
1678
0395
1678
0678
0678
1678
0254
0678
0678
0678
0678
0678
0678
0678
0678
0678
0678
0678
0678
0678
0678
0678
0678
0678
0678
0678
0678
0678
0678
0678
1678
1678
0678
1678
1678
1678
0678
0678
1678
1678
0678
1678
1678
1678
1678
1678
1678
1678
0678
0678
0678
0254
1678
1678
1678
1664
0878
1678
1678
1678
0678
0678
0678
0678
0678
1664
1664
0678
1664
1664
1664
1664
1664
0678
0678
1664
0678
0678
0678
0678
0678
0678
1664
1664
1664
1664
1664
1664
1664
1664
1664
1664
1664
1664
1664
1664
1664
1664
1664
1664
1664
1664
1664
1664
1664
1664
1664
1664
1664
1664
1678
1678
0678
1678
1678
1678
1678
0678
1678
0678
1678
1678
1678
1678
1678
1678
1678
1678
1678
1678
1678
1678
1678
0678
1678
1678
1678
0678
0254
0254
0254
0678
0678
1678
0678
1678
0678
0678
1678
0678
1678
1678
1678
1664
1664
1664
1664
1664
1664
1664
1664
1664
1664
1664
0678
0678
1678
1678
0678
0678
0678
1678
0254
0254
0254
0254
0678
0678
1678
1678
0678
0254
1678
0678
0678
0678
0678
0678
0678
0678
0254
0254
0254
0254
0678
0254
0254
0678
0678
0678
1678
0678
1678
0678
0678
0678
0678
0678
0254
0254
0254
0254
0254
0254
0254
0254
0254
0254
0254
0254
0254
0254
1664
1664
1664
1664
1678
1664
1664
1664
1664
1664
1664
1664
1664
1664
1664
1664
1664
1664
1664
1664
1664
1664
1664
1664
1664
1664
1664
1664
1664
1664
1664
1664
1664
1664
1664
1664
1664
1664
1664
1664
1664
1664
1664
1664
1664
1664
1664
1664
1664
1664
1664
1664
1664
1664
1664
1664
1664
1664
1664
1664
1664
1664
1664
1664
1664
1664
1664
1664
1664
1664
1664
1664
1664
1664
1664
1664
1664
1664
1664
1664
1664
1664
1664
1664
1664
1664
1664
1664
1664
1664
1664
1664
1664
1664
1664
1664
1664
1664
1664
1664
1664
1664
1664
1664
1664
1664
1664
1664
1664
1664
1664
1664
1664
1664
1664
1664
1664
1664
1664
1664
1664
1664
1664
1664
1664
1664
1664
1664
1664
1664
1664
1664
1664
1664
1664
1664
1664
1664
1664
1664
1664
1664
1664
1664
1664
1664
1664
1664
1664
1664
1664
1664
1664
1664
1664
1664
1664
1664
1664
1664
1664
1664
1664
1664
1664
1664
1664
1664
1664
1664
1664
1664
1664
1664
1664
1664
1664
1664
1664
1664
1664
1664
1664
1664
1664
1664
1664
1664
1664
1664
1664
1664
1664
1664
1664
1664
1664
1664
1664
1664
1664
1664
1664
1664
1664
1664
1664
1664
1664
1664
1664
1664
1664
1664
1664
1664
1664
1664
1664
1664
1664
1664
1664
1664
1664
1664
1664
1664
1664
1664
1664
1664
1664
1664
1664
1664
1664
1664
1664
1664
1664
1664
1664
1664
1664
1664
1664
1664
1664
1664
1664
1664
1664
1664
1664
1664
1664
1664
1664
1664
1664
1664
1664
1664
1664
1664
1664
1664
1664
1664
1664
1664
1664
1664
1664
1664
1664
1664
1664
1664
1664
1664
1664
1664
1664
1664
1664
1664
1664
1664
1664
1664
1664
1664
1664
1664
1664
1664
1664
1664
1664
1664
1664
1664
1664
1664
1664
1664
1664
1664
1664
1664
1664
1664
1664
1664
1664
1664
1664
1664
1664
1664
1664
1664
1664
1664
1664
1664
1664
1664
1664
1664
1664
1664
1664
1664
1664
1664
1664
1664
1664
1664
1664
1664
1664
1664
1664
1664
1664
1664
1664
1664
1664
1664
1664
1664
1664
1664
1664
1664
1664
1664
1664
1664
1664
1664
1664
1664
1664
1664
1664
1664
1664
1664
1664
1664
1664
1664
0678
0678
0678
0678
0678
1678
1678
0678
0678
0678
0678
0678
0678
0678
0678
0678
0678
1678
0678
0678
0678
0678
0678
0678
*
0584
0065
0065
0065
0065
0065
0065
0065
0065
0065
0065
0065
0065
0065
0065
0065
0065
0065
0065
0065
0065
0065
0065
0040
0065
0065
0065
0065
0065
0065
0040
0040
0040
0040
0065
0065
0065
0065
0065
0040
0040
0040
0065
0065
0065
0065
0065
0065
0065
0065
0065
0040
0040
0040
0040
0040
0040
0040
0040
0040
0040
0040
0040
0040
0040
0065
0065
0065
0065
0065
0040
0040
0040
0040
0040
0040
0040
0065
0065
0065
0065
0065
0065
0065
0065
0065
0065
0065
0065
0065
0065
0065
0065
0065
0065
0065
0065
0065
0065
0065
0065
0065
0065
0065
0065
0065
0065
0065
0065
0065
0065
0065
0065
0065
0065
0065
0065
0065
0040
0040
0040
0040
0040
0040
0065
0065
0040
0584
0065
0065
0040
0040
0040
0040
0040
0065
0040
0040
0040
0040
0065
0040
0040
0040
0040
0065
0065
0584
0040
0040
0040
0065
0065
0065
0065
0065
0040
0065
0065
0065
0065
0065
0040
0065
0065
0065
0065
0065
0040
0065
0065
0065
0065
0065
0065
0065
0065
0065
0065
0065
0065
0065
0065
0065
0065
0065
0065
0065
0065
0065
0065
0065
0065
0065
0065
0065
0065
0065
0065
0065
0065
0065
0065
0065
0065
0584
0584
0065
0065
0065
0065
0065
0065
0065
0065
0065
0065
0065
0065
0065
0065
0065
0065
0065
0065
0065
0065
0065
0065
0065
0065
0065
0065
0065
0065
0065
0065
0065
0065
0065
0065
0065
0065
0065
0065
0584
0065
0065
0065
0065
0065
0065
0065
0065
0065
0584
0065
0065
0065
0065
0065
0584
0584
0584
0065
0065
0065
0065
0065
0065
0065
1523
1523
0584
0584
0584
0584
0584
0584
0584
0584
0584
0584
0584
0584
0584
0584
0584
0584
0584
1482
2043
2043
0584
0584
0584
0584
0584
0584
0584
0584
0065
0065
0065
0065
0065
0065
0065
0584
0584
0584
0584
0584
0584
0584
0584
0584
0584
0065
0584
0584
0584
0584
0584
0584
0584
0584
0584
0584
0584
0584
0065
0584
0584
0065
0584
0584
0065
0065
0065
0065
0065
0065
0065
0065
0065
0065
0065
0065
0065
0065
0065
0065
0667
0667
1523
1482
0584
0584
0584
0584
0584
0584
2043
2043
0065
0065
0040
0040
0065
0065
0065
0065
0065
0065
0040
0040
0040
0065
0065
0065
0065
0065
0065
0065
0065
0065
0065
0065
0040
0065
0065
0065
0065
0065
0065
0065
0065
0040
0040
0040
0040
0040
0040
0065
0065
0065
0065
0065
0065
0065
0065
0065
0065
0065
0065
0065
0065
0065
0065
0065
0065
0065
0065
0065
0065
0065
0065
0065
0065
0065
0065
0065
0065
0065
0065
0065
0065
0065
0065
0065
0065
0065
0065
0065
0065
0065
0584
1523
0040
0040
0040
0040
0040
0040
0040
0040
0040
0040
0040
0040
0040
0040
0040
0040
0040
1534
0065
0065
0065
0065
0065
0065
0065
0065
0065
0065
0065
0065
0065
0065
0065
0065
0065
0065
0065
0065
0065
0065
0040
0040
0040
0065
0065
0065
0065
0065
0065
0065
0065
0040
0040
0040
0040
0040
0040
0040
0040
0040
0040
0040
0065
0065
0065
0065
0065
0065
0065
0040
0040
0065
0065
0065
0065
0065
0065
0065
0065
0065
0065
0065
0065
0065
1534
1534
0065
0065
0065
0065
0065
0065
0065
0065
0065
0065
0065
0065
0065
0065
0065
0065
0065
0065
0065
0065
0065
0065
0065
0065
0065
0065
0065
0065
0065
0065
0065
0065
0065
0065
0065
0065
1523
0667
0667
0584
1534
0584
0584
0584
0584
0584
0040
0584
0584
0584
0065
0065
0065
0065
0065
0065
0065
0065
0065
0065
0065
0065
0065
0065
0065
0065
0065
0065
0065
0065
0065
0065
0065
0065
0065
0065
0065
0065
0065
0065
0065
0065
0065
0065
0065
0065
0065
0065
0065
0065
0065
0065
0065
0065
0065
0065
0065
0065
0065
0065
0065
0065
0065
0065
0065
0065
0065
0065
0065
0065
0065
0065
0065
0065
0065
0065
0065
0065
0065
0065
0065
0065
0065
0065
0065
0065
0065
0065
0065
0065
0065
0065
0065
0065
0065
0065
0584
0584
0584
0584
0584
0065
0584
0584
0065
0584
0584
0584
0584
0584
0584
0584
0584
0584
0584
0584
0584
0584
0584
0584
0584
0584
0584
0584
0584
2043
0584
0584
0584
0584
0584
0584
0584
0584
0584
0584
0584
2422
2422
2422
2422
0584
0584
0584
0040
0065
0065
0065
0065
0065
0065
0065
0065
0065
0065
0065
0065
0065
0065
0065
0065
0065
0065
0065
0065
0065
2422
0040
0040
0040
0040
0040
0065
0065
0065
0040
0065
0065
0065
0065
0065
0065
0065
0065
0065
0065
0065
0065
0065
0065
0065
0065
0065
0065
0065
0065
0065
0065
0065
0065
0065
0065
0040
0040
0040
0065
0065
0065
0040
0040
0040
0040
0040
0040
0040
0040
0040
0040
0040
0040
0040
0040
0065
0065
0065
0065
0065
0040
0065
0065
0065
0065
0065
0065
0065
0065
0065
0065
0065
0065
0065
0065
0065
0065
0065
0065
0065
0065
0065
0065
0065
0065
0065
0065
0065
0065
0065
0065
0065
0065
2422
2422
0065
0065
0065
0065
0065
0065
0065
0065
0065
0065
0065
0065
0065
0065
0065
0065
0065
0065
0065
0065
0065
0065
0065
0065
0065
0065
0065
0065
0065
0065
1534
1534
1895
1895
1895
1895
1895
0065
0065
0065
0584
0667
0584
1523
0065
0065
0065
0065
0065
0065
0065
0065
0065
0065
0065
0065
0065
0065
0065
0065
0065
0065
0065
0065
0065
0065
0065
0065
0065
0065
0065
0065
0065
0065
0065
0065
0065
0065
0065
0065
0065
0065
0065
0065
0065
0065
0065
0584
0584
0584
0584
0584
0584
0584
0065
0065
0065
0065
0065
0065
0065
0065
0065
0065
0266
0266
0065
0065
0065
0065
0065
0065
0065
0065
0065
0065
0065
0065
0065
0065
0065
0065
0065
0065
0065
0065
0065
0065
0584
0584
0584
0584
0584
0584
0584
0584
0584
0584
0584
0584
0584
0584
0584
0584
0584
0584
0584
0584
0584
0584
0584
0065
0584
0584
0040
0040
0065
0065
0065
0065
0065
0065
0065
0065
0065
0065
0065
0065
0065
0065
0065
0065
0065
0065
0065
0065
0065
0065
0065
0065
0065
0065
0065
0065
0065
0065
0065
0065
0065
0065
0065
0065
0065
0065
0065
0065
0065
0065
0065
0065
0065
0065
0065
0065
0065
0065
0065
0065
0065
0040
0040
0040
0040
0040
0040
0040
0040
0040
0040
0040
0040
0040
0040
0040
0040
0040
0040
0040
0040
0040
0040
0040
0040
0040
0040
0040
0040
0040
0040
0040
0040
0040
0040
0040
0040
0040
0040
0040
0040
0040
0040
0040
0040
0040
0040
0040
0040
0040
0037
0749
0065
0065
0065
0040
0040
0040
0040
0040
0065
0065
0065
0040
0040
0040
0065
0065
0065
0065
0065
0065
0065
0065
0065
0065
0065
0065
0065
0065
0065
0065
0065
0065
0065
0065
0065
0065
0065
0065
0065
0065
0065
0065
0065
0065
0065
0065
0065
0065
0065
0065
0065
0065
0065
0065
0065
0065
0065
0065
1534
0584
2422
0065
0065
0065
0065
0065
0065
0065
0065
0065
0065
0065
0065
0065
0065
0065
0065
0065
0065
0065
0065
0065
0065
0065
0065
0065
0065
0065
0065
0065
0065
0065
0065
0065
0065
0065
0065
0065
0065
0065
0065
0065
0667
0667
0667
0667
0667
0667
0667
1534
1534
0667
0667
1534
1523
1772
1523
1523
1895
1895
1534
1895
1895
1895
1534
0065
0065
0065
0065
0065
0040
0065
0065
0065
0065
0065
0065
0065
0065
0065
0065
0065
0065
0065
0065
0065
0065
0065
0065
0065
0065
0065
0065
0065
0065
0065
0065
0065
0065
0065
0065
0065
0065
0065
0065
0065
0065
0065
0065
0065
0065
0065
0065
0065
0065
0065
0065
0065
0065
0065
0065
0065
0065
0065
0065
0065
0065
0065
0065
0065
0065
0065
0065
0065
1482
1482
0065
0584
0749
0749
0037
0402
0065
0065
0065
0065
0065
0065
0065
0584
0065
0584
0584
0584
0584
1534
1534
0584
0065
0065
0065
0065
0065
0065
0065
0065
0065
0065
0065
0065
0065
0065
0065
0065
0065
0065
0065
0065
0065
0065
0065
0584
0584
0584
0584
0584
0584
0584
0584
0584
0584
0584
0584
0584
0584
0584
0584
0584
0584
0584
0584
0584
0584
0584
0584
0584
0584
0584
0584
0584
0584
0584
0584
0584
0584
0584
0584
0584
0584
0584
0584
0584
0584
0584
0584
0584
0584
0584
0584
0584
0584
0584
0584
0584
0584
0584
0584
0584
0584
0584
0584
0584
0584
0633
0584
0584
0584
0584
0633
0584
0584
0584
0584
0584
0584
0584
0584
0584
0584
0065
0065
0065
0584
0584
0584
0584
0584
0584
0584
0584
0584
0584
0584
0584
0584
0584
0584
0584
0584
0584
0633
0584
0584
0584
0584
0633
0633
0633
0584
0584
1523
0584
1482
0718
0065
0065
0065
0584
1482
1534
1534
0718
0718
1534
2422
0667
0667
0667
0667
1523
0667
0667
0667
0667
0667
1534
1534
1534
0667
0667
0667
1523
1523
1534
1534
1534
0667
1534
1772
1772
1772
1772
1772
1772
1772
1772
1772
1772
1772
0584
0633
0633
0633
0633
1895
1895
1895
1534
1534
1895
1895
1895
1895
1895
1895
1895
1895
1895
1895
1534
1534
1534
1895
1895
1895
1895
1534
1534
1534
1534
1895
1534
1534
1534
0584
1482
1482
0584
0584
0584
0584
0584
0584
0584
0584
0584
0584
0584
0584
0584
0584
0584
0584
0584
0584
0584
0584
0584
0584
0584
0584
0584
0584
0584
0584
0584
0584
0584
0584
0633
0584
0584
0584
0584
0584
0584
0584
0633
0584
0633
0633
0584
0584
0584
0584
0633
0584
0584
0584
0584
0584
0584
0584
0584
0584
0584
0584
0584
0584
0584
0584
0065
0065
0065
1482
0718
0718
0718
1772
0584
0633
0584
0584
0584
0584
0584
0065
0065
1549
0065
2422
2422
0065
0065
0065
0065
0065
0065
0667
0667
0667
0667
0667
1534
1534
0667
0667
0667
0667
1523
1534
1772
1772
1772
1772
1534
1772
1523
0633
1895
1534
1534
1534
1895
1895
1895
1895
1895
1895
1534
1534
1534
1895
1895
1895
1895
1895
1895
0065
0584
0065
0065
0065
0065
1534
1895
1895
0065
0065
0065
0065
0065
0065
0065
0718
0718
0718
0718
0040
0065
0065
0065
0065
0065
0065
0065
0065
0065
0065
0065
0065
0667
0667
0667
0667
0667
0667
0667
1534
1534
0667
0667
0667
0667
0667
0667
0667
0667
0667
1534
0667
1534
1534
1772
1772
1772
1772
1772
1772
0584
1523
0584
0633
0633
0633
0633
0633
1534
1534
1895
1534
1895
1895
1895
1895
1772
1772
1895
1895
1895
1895
1895
1895
1895
1895
1895
1895
1895
1534
1534
1895
1895
1895
1534
1895
1895
1895
1895
1895
1895
1534
0584
1895
1534
1534
0065
0065
0065
0065
0065
0065
0065
0065
0065
0584
0584
0718
0065
0065
0065
0065
0584
1895
0584
1772
1534
1895
1895
1895
1895
1895
1895
1895
1534
1534
1895
1895
1895
1895
1895
0667
0667
0667
1534
1772
1772
1772
0633
0633
1895
1534
0584
0040
0040
0065
0040
0040
0040
0065
0065
0065
0065
0040
0040
0065
0065
0040
0065
0065
0065
0065
0065
0065
0065
0065
0065
0065
0065
0065
0065
0065
0065
0065
0065
0065
0065
0065
0065
0065
0065
0065
0065
0065
0065
0065
0065
0065
0065
0065
0065
0065
0065
0065
1895
1895
1895
1895
1895
1895
1895
1895
0718
0584
0584
0584
0065
0065
0065
0040
0040
0065
0065
0065
0065
0065
0065
0065
0065
0065
0065
0065
0065
0065
0065
0065
0065
0065
0065
0065
0065
0065
0065
0065
0065
0065
0065
0065
0065
0065
0065
0065
0065
0065
0065
0065
0065
0065
0065
0065
0065
0065
0065
0065
0065
0065
0065
0065
0065
0065
0065
0065
0065
0065
0065
0065
0065
0065
0065
0065
0065
0065
0065
0065
0065
0065
0065
0065
0065
0065
0065
0065
0065
0065
0065
0065
0065
0065
0065
0065
0065
0065
0065
0065
0040
0065
0040
0065
0065
0065
0065
0065
0065
0065
0065
0065
0065
0065
0065
0065
0065
0065
0065
0065
0065
0065
0065
0065
0065
0065
0065
0065
0065
0065
0065
0065
0065
0065
0065
0065
0065
0065
0065
0065
0065
0065
0065
0065
0065
0065
0065
0065
0065
0065
0065
0065
0065
0065
0065
0065
0065
0065
0065
0065
0065
0065
0065
0065
0065
0065
0065
0065
0065
0065
0065
0065
0065
0065
0065
0065
0065
0065
0065
0065
0065
0065
0065
0065
0065
0065
0065
0065
0065
0065
0065
0065
0065
0065
0065
0065
0065
0065
0065
0065
0065
0065
0065
0065
0065
0065
0065
0065
0065
0065
0065
0065
0065
0065
0065
0065
0065
0065
0065
0065
0065
0065
0065
0065
0065
0040
0065
0065
0065
1332
0065
0065
0065
0065
0584
0065
0584
0065
0065
0040
0040
0065
0065
0065
0065
0065
0065
0065
0065
0065
0065
0040
0040
0065
0115
0040
0040
0065
0065
0040
0040
0065
0065
0065
0065
0040
0065
0065
0065
0065
0040
0040
0065
0065
0065
0065
0065
0065
0065
0065
0065
0065
0065
0065
0065
0065
0065
0065
0065
0065
0065
0065
0065
0065
0065
0065
0065
0065
0065
0065
0065
0065
0065
0065
0065
0065
0065
0065
0065
0065
0065
0065
0065
0065
0065
0065
0065
0065
0065
0065
0065
0065
0065
0065
0065
0065
0065
0065
0065
0065
0065
0065
0040
0065
0065
0065
0065
0040
0065
0065
0065
0065
0040
0040
0040
0040
0040
0040
0040
0040
0065
0040
0040
0040
0040
0040
0040
0040
0040
0040
0040
0040
0040
0040
0040
0040
0040
0040
0040
0040
0040
0040
0040
0040
0040
0040
0040
0040
0040
0040
0040
0040
0040
0065
0065
0065
0065
0065
0065
0633
0633
0065
0065
0065
0065
0065
0065
0065
0584
0065
0040
0065
0065
0065
0065
0065
0065
0065
0065
0040
0065
0065
0065
0065
0800
0065
0065
0065
0065
0065
0065
0065
0065
0065
0065
0584
0584
0584
0584
0584
0584
0584
0584
0584
0584
0584
0584
0584
0065
0065
0065
0065
0040
0065
0065
0065
0065
0065
0065
0065
0065
0065
0065
0065
0065
0065
0065
0065
0065
0065
0065
0065
0065
0065
0065
0065
0065
0065
0065
0065
0065
0065
0065
0065
0065
0065
0065
0065
0065
0065
0065
0065
0065
0065
0040
0065
0065
0065
0065
0065
0065
0040
0065
0040
0065
0065
0040
0040
0065
0065
0040
0065
0040
0065
0040
0065
0040
0065
0065
0065
0065
0040
0065
0040
0065
0040
0040
0040
0065
0065
0065
0065
0065
0040
0065
0040
0040
0040
0065
0065
0065
0584
0065
0065
0065
0584
0065
0065
0065
0065
0065
0065
0065
0065
0065
0065
0040
0065
0065
0065
0065
0065
0065
0040
0040
0065
0065
0065
0065
0065
0065
0065
0065
0065
0065
0065
0065
0065
0065
0065
0065
0584
0065
0800
1274
0584
0065
0065
0065
0065
0065
0065
0065
0065
0065
0065
0065
0065
0065
0065
0065
0065
0040
0040
0065
0065
0065
0065
0065
0065
0065
0065
0065
0065
0065
0065
0065
0065
0065
0040
0065
0065
0065
0065
0065
0065
0065
0584
0065
0800
0584
0800
1274
0800
1274
1332
1332
0065
0065
0065
0065
0065
0065
0065
0065
0065
0065
0065
0065
0065
0065
0065
0065
0065
0065
0065
0065
0065
0065
0065
0065
0065
0065
0065
0065
0065
0040
0065
0040
0040
0065
0065
0040
0065
0065
0065
0065
0065
0667
0040
0065
0065
0065
0065
0065
0065
0065
0065
0065
0065
0065
0065
0065
0065
0065
0065
0065
0065
0584
0584
0584
0584
0584
0584
0584
0584
0065
0065
0065
0065
0065
0065
0065
0065
0065
0065
0065
0065
0065
0065
0065
0065
0065
0065
0065
0065
0065
0065
0065
0065
0065
0065
0040
0040
0040
0040
0040
0040
0065
0065
0065
0065
0065
0040
0040
0040
0584
0065
1274
0040
0040
0065
0065
0065
0065
0065
0584
0371
0371
0040
0040
0065
0065
0065
0065
0065
0065
0065
0065
0065
0065
0065
0065
0065
0065
0065
0065
0065
0065
0065
0065
0065
0065
0065
0065
0065
0065
0065
0065
0065
0065
0065
0065
0065
0065
0065
0065
0065
0065
0065
0065
0065
0065
0065
0065
0065
0065
0040
0040
0065
0065
0065
0040
0065
0065
0065
0065
0040
0402
0199
0199
0199
0199
0065
0065
0800
0800
0800
0065
0065
0584
0584
0584
0584
0065
0065
0065
0065
0667
1534
0065
0584
0584
0065
0065
0040
0040
0040
0040
0040
0040
0040
0040
0040
0040
0040
0040
0040
0040
0040
0040
0040
0040
0040
0040
0065
0040
0065
0065
0065
0065
0065
0065
0065
0065
0065
0065
0065
0065
0065
0065
0065
0040
0065
0065
0065
0584
0584
0584
0065
0045
0045
0065
0065
0065
0584
0065
0065
0065
0065
0065
0065
0065
0065
0065
0065
0065
0065
0065
0040
0040
0065
0065
0065
0065
0065
0040
0065
0389
0451
0065
0065
0040
0065
0065
0065
0065
0065
0584
0065
0065
0065
0266
0584
0065
0065
0040
0065
0040
0040
0065
0040
0065
0065
0065
0040
0040
0040
0040
0040
0040
0040
0040
0065
0065
0115
1482
0065
0037
0065
0065
0065
0065
0065
0065
0065
0065
0065
0065
0065
0065
0065
0065
0065
0065
0065
0065
0065
0065
0065
0065
0065
0065
0065
0065
0065
0065
0065
0040
0040
0040
0065
0065
0065
0065
0065
0065
0065
0065
0065
0065
0065
0065
0065
0065
0065
0065
0065
0065
0065
0065
0065
0065
0065
0065
0065
0065
0065
0065
0065
0065
0065
0065
0065
0065
0065
0065
0065
0065
0040
0065
0040
0065
0065
0065
0065
0065
0065
0065
0040
0065
0065
0065
0065
0040
0040
0040
0065
0065
0584
0065
0065
0065
0065
0065
0065
0065
0065
0065
0040
0040
0040
0065
0584
0065
0065
0065
0065
0065
0065
0065
0065
0065
0065
0065
0065
0065
0065
0065
0065
0065
0040
0065
0065
0065
0065
0065
0584
0584
0065
0065
0065
0584
0065
0065
0065
0040
0584
*
0742
1828
0742
0742
1680
0742
0742
0742
0742
0742
0742
0742
1336
1317
1336
1336
1336
1336
*
0726
0707
0707
0788
1288
0194
0137
0065
0194
0636
0451
0451
0137
0315
0065
0194
0707
0707
0707
1288
1485
0514
0514
1288
1485
1485
1485
1485
1485
0707
1485
1485
1485
1485
0707
0788
0788
0788
1288
1288
0788
1288
0788
1288
1485
1288
1485
1485
1485
0788
0194
0194
0194
0707
0788
1288
1288
1288
1288
0788
1288
1288
1288
1485
1485
1485
1485
0194
1485
1485
1485
1485
1485
1485
1485
1485
1485
1485
1485
1485
1485
1485
1485
1485
1485
1288
1288
0707
1485
1485
0707
0707
0707
0707
0707
1288
1485
0194
0389
0389
0636
0451
0636
0451
0191
0707
0451
0707
0707
0707
0707
0707
0707
0707
0707
0451
0451
0451
0194
0451
0451
0451
0514
0451
0137
0137
0315
0065
0039
0065
0137
0137
0065
0540
0065
0039
0198
0137
0137
0065
0451
0065
0194
0194
0194
0194
0707
0707
0194
0707
0194
0194
0194
0707
*
1828
0245
0245
0245
0245
0245
0245
0367
0367
0743
0742
0742
0743
0065
0065
0742
0742
1680
1828
1828
1680
1680
*
1715
1551
1715
1551
1551
1748
1748
1748
1673
1551
1551
1551
1551
1551
1551
1551
1551
1551
1551
1551
1551
1551
1551
1551
1551
1551
1551
1551
1551
1551
1551
1551
1551
1551
1551
1551
1551
1342
1342
1715
0893
1551
1715
1715
1715
1673
1769
1673
1673
1673
1673
1673
1673
1673
1673
1551
1673
1769
1673
1551
1748
1748
1551
1748
1748
1748
1748
1673
2153
1354
*
0515
0065
0515
0922
2169
1798
0515
0515
0515
0515
0726
*
0037
1535
1297
1224
0502
0502
0502
0502
0502
0292
0440
0502
*
0653
0653
0653
0439
0653
0653
0653
0653
0649
0662
0662
0658
0662
0662
0065
0100
1641
0100
0100
0100
0653
0662
0658
0065
1065
1541
1065
1755
1755
2251
1404
1573
1573
2163
1573
2163
1573
2163
0100
0100
0100
0349
0653
0662
0653
0349
2010
2009
0662
0662
*
1921
1352
0634
0742
0742
0742
0742
1695
2153
2153
0742
1336
2153
1194
0607
0696
0065
2169
2169
1737
2153
0908
1404
1404
0908
0908
1404
1224
1224
1404
1224
1798
1798
2118
1342
1798
1342
1798
2128
1767
1798
1877
1877
1613
1767
1760
1815
1191
2029
2059
2029
0742
1877
1877
1877
1893
1893
1893
1893
1893
1893
1573
1551
2078
1798
2078
2273
1798
2049
1877
1877
1877
1877
2078
0245
*
0037
0459
0696
0065
0245
0292
0459
0365
0696
0696
0065
0065
0514
0065
1065
0365
0365
0065
0065
0446
0065
0037
0065
0446
0065
0446
0065
0065
0275
0365
*
0065
0065
0065
0040
0065
0065
0065
0065
0065
0065
0065
0065
0065
0065
0065
0065
0065
0065
0065
0065
0065
0065
0065
0065
0065
0065
0065
0040
0065
0065
0065
0065
0065
0065
0065
0040
0040
0065
0065
0065
0040
0065
0065
0065
0065
0065
0065
0065
0065
0065
0065
0065
0065
0065
0065
0065
0065
0065
0065
0065
0065
0065
0065
0065
0065
0065
0065
0065
0065
0065
0040
0040
0040
0040
0040
0065
0065
0065
0040
0065
0065
0065
0065
0065
0065
0065
0065
0065
0065
0065
0065
0065
0065
0065
0065
0065
0065
0065
0065
0065
0065
0065
0065
0065
0065
0065
0065
0065
0065
0065
0065
0065
0065
0065
0065
0065
0065
0065
0065
0065
0065
0040
0040
0065
0065
0040
0040
0040
0040
0040
0040
0040
0040
0040
0040
0040
0040
0040
0040
0040
0040
0065
0065
0065
0040
0065
0065
0065
0065
0065
0065
0065
0065
0065
0065
0065
0065
0065
0065
0065
0065
0065
0065
0065
0065
0065
0065
0065
0065
0065
0065
0065
0065
0065
0065
0065
0065
0065
0065
0065
0065
0065
0065
0065
0065
0065
0065
0065
0065
0065
0040
0065
0065
0065
0065
0065
0065
0040
0065
0065
0065
0065
0065
0065
0065
0065
0040
0065
0065
0040
0065
0065
0065
0584
0065
0065
0065
0065
0065
0065
0040
0065
0065
0065
0065
0065
0065
0065
0065
0040
0065
0065
0065
0065
0040
0040
0065
0065
0065
0065
0065
0065
0065
0065
0065
0065
0040
0040
0065
0040
0040
0065
0065
0040
0040
0065
0065
0065
0040
0065
0065
0065
0065
0040
0040
0065
0065
0065
0065
0065
0065
0065
0065
0065
0065
0065
0065
0065
0065
0065
0065
0065
0065
0065
0065
0065
0065
0065
0065
0065
0065
0065
0065
0065
0065
0065
0065
0065
0065
0065
0065
0065
0065
0065
0065
0065
0065
0065
0065
0065
0065
0065
0065
0065
0065
0065
0065
0065
0065
0065
0065
0065
0065
0065
0065
0040
0040
0040
0040
0040
0040
0040
0040
0065
0040
0040
0040
0040
0040
0040
0040
0040
0040
0040
0040
0040
0040
0040
0040
0040
0040
0040
0040
0040
0040
0040
0040
0040
0040
0040
0040
0040
0040
0040
0065
0065
0065
0065
0065
0065
0065
0065
0065
0065
0065
0065
0040
0065
0065
0065
0065
0065
0065
0065
0040
0065
0065
0065
0065
0065
0065
0065
0065
0040
0065
0065
0065
0065
0065
0065
0065
0065
0065
0065
0065
0065
0065
0065
0065
0065
0065
0065
0065
0065
0065
0065
0065
0065
0065
0065
0065
0065
0065
0065
0065
0065
0065
0065
0065
0065
0065
0065
0065
0065
0065
0040
0065
0065
0065
0065
0065
0065
0040
0065
0040
0065
0065
0040
0040
0065
0065
0040
0065
0040
0065
0040
0065
0040
0065
0065
0065
0065
0040
0065
0040
0065
0040
0040
0040
0065
0065
0065
0065
0065
0040
0065
0040
0040
0040
0065
0065
0065
0584
0065
0065
0065
0065
0065
0065
0065
0065
0065
0065
0065
0065
0065
0040
0065
0065
0065
0065
0065
0065
0040
0040
0065
0065
0065
0065
0065
0065
0065
0065
0065
0065
0065
0065
0065
0065
0065
0065
0065
0065
0065
0065
0065
0065
0065
0065
0065
0065
0065
0065
0065
0065
0065
0040
0065
0065
0065
0065
0065
0065
0065
0065
0065
0065
0040
0065
0065
0065
0065
0065
0065
0065
0065
0065
0065
0065
0065
0065
0065
0065
0065
0065
0065
0065
0065
0065
0065
0065
0065
0065
0065
0065
0065
0065
0065
0065
0065
0040
0065
0040
0040
0065
0065
0040
0065
0065
0065
0065
0065
0040
0065
0065
0065
0065
0065
0065
0065
0065
0065
0065
0065
0065
0065
0065
0065
0065
0065
0065
0584
0584
0584
0584
0584
0584
0584
0584
0065
0065
0065
0065
0065
0065
0065
0065
0065
0065
0065
0065
0065
0065
0065
0065
0065
0065
0065
0065
0065
0065
0065
0065
0065
0065
0040
0040
0040
0040
0040
0040
0040
0065
0065
0065
0065
0065
0040
0040
0040
0040
0040
0065
0065
0065
0065
0040
0040
0065
0065
0065
0065
0065
0065
0065
0065
0065
0065
0065
0065
0065
0065
0065
0065
0065
0065
0065
0065
0065
0065
0065
0065
0065
0065
0065
0065
0065
0065
0065
0065
0065
0065
0065
0065
0065
0065
0065
0065
0065
0065
0065
0065
0065
0065
0040
0040
0065
0065
0065
0040
0065
0065
0065
0065
0040
0065
0065
0065
0065
0440
0065
0402
0440
0065
0065
0065
0065
0065
0065
0040
0065
0065
0065
0065
0065
0065
0065
0065
0065
0065
0065
0065
0065
0065
0040
0065
0040
0065
0065
0065
0377
0065
0065
0065
0065
0065
0065
0065
0065
0065
0065
0065
0065
0040
0040
0065
0065
0065
0065
0065
0065
0040
0065
0065
0065
0065
0065
0065
0065
0065
0065
0040
0065
0040
0040
0065
0040
0065
0065
0065
0040
0040
0040
0040
0040
0040
0040
0065
0065
0115
0065
0065
0065
0065
0065
0065
0065
0065
0065
0065
0065
0065
0065
0065
0065
0040
0040
0040
0065
0065
0065
0065
0065
0065
0065
0065
0065
0065
0065
0065
0065
0065
0065
0065
0065
0065
0065
0065
0065
0065
0065
0065
0065
0065
0065
0065
0065
0065
0065
0065
0065
0065
0065
0065
0065
0065
0040
0065
0040
0065
0065
0065
0065
0065
0065
0065
0040
0065
0065
0065
0065
0040
0040
0040
0065
0065
0584
0065
0065
0065
0065
0065
0065
0065
0065
0065
0040
0040
0040
0065
0584
0065
0065
0065
0065
0065
0065
0065
0065
0065
0065
0065
0065
0065
0065
0065
0065
0065
0040
0065
0065
0065
0065
0065
0040
