!POPULATE
*
0065
0065
0065
0206
0206
0206
0206
0065
0065
0065
*
0064
0064
0064
0064
0064
0064
0064
0064
0064
0064
0630
*
2060
*
0905
1626
1243
1241
1242
0906
0905
0905
0905
1237
1769
1767
1239
1769
1673
1767
1296
0904
1234
1296
1404
1768
1767
1234
0893
0893
0893
1235
1234
1626
1549
1640
1613
0893
1549
1640
*
0742
0742
0742
*
0310
0310
0065
0446
0743
0696
1065
1065
0742
0065
0742
1065
1065
0037
0246
2169
1217
1217
1944
1944
1944
2013
1928
1928
*
0371
1194
0653
0224
0588
0653
0653
0653
0224
1616
0137
0371
0137
0137
0224
0137
0191
0191
0389
0576
0389
0576
0389
0576
0224
0224
0224
0653
0191
0389
0576
0224
0137
0371
0137
0371
0137
0371
0137
0224
0137
0137
0224
0224
0653
0137
0137
0137
0137
0224
0653
0137
0137
0653
0653
0653
0653
0653
0653
0588
0137
0137
0653
0137
0137
0137
0137
0137
0137
0137
0137
0137
0137
0137
0137
0137
0137
0315
0137
0137
0653
0653
0653
0653
0653
0653
0653
0653
0588
0588
0315
0588
0371
0137
0371
0137
0137
0137
0137
0137
0371
0653
0653
0137
0653
0653
0137
0588
0653
0653
0653
0137
0137
0653
0653
0137
0137
0137
0137
0137
0363
0137
0371
0588
0588
0137
0315
0363
0371
0137
0371
0137
0371
0653
0653
0137
0371
0137
0137
0137
0137
0137
0137
0137
0137
0137
0137
0653
0653
0137
0363
0137
0226
0224
0224
0653
0653
0588
0588
0588
0137
0137
0137
0137
0137
0137
0137
0137
0137
0371
0588
0371
0653
0653
0653
0653
0224
0653
0137
0137
0137
0224
0315
0224
0363
0653
0653
0653
0653
0653
0653
0363
0137
0137
0191
0363
0363
0224
0224
0224
0224
0224
0191
0224
0224
0224
0224
0224
0224
0224
0224
0137
0224
0224
0224
0224
0224
0137
0137
0137
0115
0191
0191
0137
0137
0137
0137
0371
0137
0137
0137
0137
0137
0137
0137
0137
0137
0137
0371
0137
0137
0137
0137
0137
0137
0137
0137
0137
0137
0137
0588
0137
0588
0137
0137
0137
0137
0371
0137
0371
0137
0371
0137
0191
0115
0191
0115
0191
0191
0191
0191
0544
0224
0224
0226
0224
0226
0137
0137
0137
0137
0137
0653
0653
0137
0653
0653
0653
0653
0653
0137
0653
0137
0653
0653
0653
0137
0137
0137
0137
0137
0137
0137
0137
0137
0363
0137
0371
0137
0588
0137
0588
0363
0499
0653
0653
0137
0742
0588
0371
0137
0137
0137
0137
0371
0137
0137
0137
0137
0137
0137
0137
0137
0137
0137
0137
0137
0137
0137
0137
0137
0137
0137
0137
0137
0137
0137
0137
0137
0137
0137
0137
0137
0137
0137
0137
0137
0137
0137
0137
0137
0137
0137
0191
0224
0224
0224
0224
0137
0137
0224
0224
0226
0137
0137
0137
0191
0191
0137
0137
0137
0137
0137
0224
0137
0137
0137
0137
0137
0137
0137
0137
0137
0137
0137
0137
0137
0224
0137
0363
0115
0191
0191
0115
0191
0191
0191
0191
0191
0191
0191
0191
0191
0103
0137
0315
0371
0315
0137
0137
0224
0226
0137
0315
0371
0137
0371
0137
0137
0371
0371
0371
0137
0137
0371
0137
0371
0137
0371
0389
0224
0224
0389
0191
0191
0191
0191
0191
0191
0115
0389
0389
0191
0389
0389
0191
0191
0191
0653
0653
0191
0191
0191
0191
0191
0191
0576
0224
0576
0191
0191
0191
0191
0191
0191
0115
0576
0576
0191
0576
0576
0191
0191
0191
0224
0224
0224
0224
0115
0137
0224
0226
0137
0191
0224
0224
0224
0137
0137
0363
0678
0653
0653
*
0858
0858
0858
0858
1624
1624
1624
0858
1624
1624
1341
0858
0646
0858
1624
1624
1624
0858
1624
1624
1624
1624
1624
0858
1624
0858
*
0205
0205
0039
0039
0039
0459
0544
0039
0039
0205
0039
0544
0263
0245
0572
0263
0205
0544
0205
0239
0245
0382
0544
0544
0459
0245
0544
0544
0205
0382
0205
0037
0544
0544
0205
0544
0039
0544
0544
0382
2050
*
0387
0387
0387
0391
0377
0377
0377
0391
0391
0389
0574
0574
0574
0389
0389
0389
0389
0389
0389
0389
0389
0391
0576
0384
0384
0318
0384
0384
0649
0649
0384
0384
0384
0377
0377
0384
0377
0576
0391
0391
0391
0391
0391
0391
0391
0391
0391
0391
0377
0377
0377
0377
0377
0377
0377
0377
0377
0389
0576
0389
0576
0389
0576
0389
0576
0389
0576
0389
0389
0576
0389
0576
0389
0576
0389
0576
0389
0576
0389
0576
0377
0377
0377
0377
0377
0544
0391
0544
0649
0649
0191
0576
0377
0377
0377
0377
0377
0377
0222
0377
0377
0377
0377
0377
0391
0377
0389
0576
0389
0576
0389
0576
0389
0576
0389
0576
0389
0576
0389
0576
0389
0576
0389
0576
0389
0576
0389
0576
0389
0576
0389
0576
0389
0576
0389
0576
0389
0576
0377
0377
0377
0377
0377
0377
0377
0377
0377
0377
0377
0389
0576
0389
0576
0389
0576
0389
0576
0389
0576
0659
0377
0377
0377
0377
0576
1265
0576
0391
0222
0222
0377
0377
0384
0576
0222
0222
0387
0387
0387
0377
0377
0387
0389
0387
0389
0387
0387
0387
0387
0387
0387
0387
0387
0387
0544
0387
0387
0387
0387
0387
0387
0387
0387
0389
0389
0391
0391
0389
1194
1194
0377
0389
0389
0389
0389
0576
0576
0576
0377
0377
0377
0377
0377
0377
0377
0377
0389
0576
0389
0576
0391
0389
0389
0389
1194
1584
2267
1194
2029
1194
1194
1194
2153
0236
0576
0377
0377
0508
0389
0576
0389
0576
0389
0576
0576
0576
1194
1194
1194
1194
0659
0576
0576
0377
0377
0391
0222
0384
*
0037
0065
0065
0065
0065
0065
0615
0615
0615
0840
0584
2125
0191
1340
1340
1340
1340
1340
1340
1340
1340
1340
1340
1340
1340
1340
1340
1340
1340
1340
1340
1340
1340
1340
1340
0037
0646
0646
0646
0646
0088
1340
1340
0646
0646
1340
0646
1340
0646
0646
1340
1340
0646
0646
0646
0065
0646
0088
0088
2079
0065
0065
0065
0065
0065
0037
0646
0065
0615
1706
1706
2125
1706
0840
0615
0615
2079
0292
1277
1612
2079
2079
2079
2079
1340
0646
0615
0615
0615
0646
0646
0615
0646
0646
0646
0646
0646
0646
0615
0615
0646
0646
0646
0646
0615
0646
0646
0646
0037
0065
0065
0065
0615
0245
0245
0245
0037
0245
0037
0037
0318
0245
0065
0065
0510
0065
0065
0615
0615
0245
0065
0065
0584
0615
0037
0245
0245
0245
0037
0318
0037
0088
0037
0037
0037
0037
0100
0100
0100
0037
0065
0584
0615
0318
0037
0584
0615
0100
0100
0100
0037
0615
0615
0615
0037
0100
0646
0615
0398
0037
0646
0646
0615
0037
0037
0037
0065
0065
0584
0615
0065
0065
0615
0615
0037
0615
0037
0037
0615
0615
0615
0037
0615
0646
0646
0615
0615
0646
0646
0615
0746
2125
0646
0088
0088
0615
0245
0037
0065
0510
0065
0510
0065
0615
0615
0065
0065
0088
0615
0615
0615
0615
0245
0615
0065
0065
0584
0615
0646
0615
0615
0398
0037
0037
0615
0615
0615
0646
0584
0646
0584
2125
0244
0245
0245
0615
0730
0646
0615
0646
0646
2125
0646
0646
0730
0646
0730
0730
0730
0730
0730
0730
0730
0730
0730
0730
0730
0730
0730
0646
0646
0646
2125
1340
2125
2125
2125
1340
2125
1340
0730
0730
0730
0730
0730
0730
0730
2125
2125
2125
2125
2125
2125
0646
2125
0646
0646
2125
0615
0646
0646
0646
2125
2125
2125
0646
1340
1340
2125
2125
2125
1340
1340
2125
0088
1340
0088
1340
1340
1340
0615
0615
0615
0615
0615
0510
0510
0510
0088
0672
0510
0615
0615
0615
0672
0615
0672
0672
1931
0646
0088
0206
0088
0088
0088
0088
0088
0088
0206
0088
0730
0088
1295
1295
1295
1295
0615
1295
1295
1295
1295
1295
1295
1295
0037
0646
2125
0646
0646
0646
0646
0646
2125
0646
2125
2125
2125
2125
0646
0646
0646
0646
0646
0646
0646
0646
0646
0646
0646
0646
0646
0646
0646
0646
0646
0646
0646
0615
0646
2125
0646
0646
0646
0615
0672
0088
0088
0646
0646
0646
0646
0646
0646
0646
0646
0646
0646
0646
0646
0646
0646
0646
0646
0646
0646
0646
0646
0646
0646
0646
0646
0646
0646
0646
0646
0646
0646
0646
0646
0646
0646
0646
0646
0646
0646
0646
0646
0646
0646
0646
0646
0646
0646
0646
0646
0646
0646
0646
0646
0646
0646
0646
0646
0646
0646
0646
0646
0646
0646
0646
0646
0646
0646
0646
0646
0646
0646
0615
0088
0065
0037
0584
0065
0065
0037
0037
0516
0065
0516
0516
0065
0065
0065
0037
0584
0615
0615
0516
0037
0516
0100
0547
0615
0065
0615
0398
0398
0100
0584
0065
0615
0615
0615
0584
0615
0615
0615
0398
0547
0615
0615
0037
0646
0646
0646
2125
2125
0646
1486
0646
2125
2125
1931
0615
1660
1660
2079
2079
2079
0840
1340
0840
1340
0840
1340
0840
1340
0840
1340
0840
1340
0840
1340
1340
1340
1340
1340
1660
1660
1660
1660
1660
1660
1660
1660
1660
1660
1660
1660
1660
1660
1660
1660
1660
1660
1660
0088
2079
2079
2079
1658
2079
2079
1658
2122
1486
1486
1486
1612
2079
2079
2079
2079
2079
2079
2079
2079
2079
2079
2079
1340
1658
1658
1486
1486
1486
0840
1486
1340
1486
2079
2079
2079
2079
2079
1486
1486
1486
2079
2079
2079
2079
2079
2079
2079
2079
2079
1340
1658
1486
0840
1658
1340
1486
1486
0840
1340
1486
2079
2079
1486
1647
2079
2079
2079
2079
2079
2079
2079
1340
1486
0840
2079
2079
1340
1660
1486
0840
2079
2125
2125
2079
2079
2079
2079
2079
2079
2079
2079
2079
2079
2079
2079
2079
2079
2079
2079
2079
2079
2079
2079
2079
2079
2079
2125
2125
2125
2125
2125
2125
2125
2125
2125
2125
2125
2125
2125
0840
0840
0840
0840
0840
0840
0840
0840
0840
0840
0840
0840
0840
0840
0840
0840
2125
2125
2125
2125
2125
2125
2079
2079
2079
2079
2079
2079
2079
2079
2079
2079
2079
2079
2079
2079
2079
2079
2079
2079
2079
2079
2079
2079
2079
2079
2079
2079
2079
2079
2079
2079
2079
2079
2079
2079
2079
2079
2079
2079
2079
2079
2079
2122
2122
2122
2122
0840
0840
0840
0840
1612
1612
1658
1658
1612
1612
1612
2122
2122
2122
2122
2122
2122
2122
2122
2122
2122
2122
2122
2122
2122
2122
2122
2122
2122
2122
2122
2122
0840
0840
0840
0840
0840
0840
0840
0840
0840
0840
0840
0840
0840
0840
0840
0840
1612
2079
2079
2079
2079
2079
1277
2079
2079
2079
2079
2079
2079
2079
2079
2079
2079
2079
2079
2079
2079
2079
2079
2079
2079
2079
2079
2079
2079
2079
2079
2079
2079
2079
2079
2079
2079
2079
2079
2079
2079
2079
2079
2079
2079
2079
2079
2079
2079
2079
2079
1658
1612
1658
1647
1647
1658
1647
1486
1486
1486
1647
2122
2125
2122
2122
2122
2122
2122
2122
2122
2122
2122
0840
0840
0840
0840
0840
0840
0840
0840
0840
0840
2122
1340
2122
2122
0840
1486
1486
1612
2079
2079
2079
2079
2079
2079
2079
2079
2079
2079
2079
2079
2079
2079
2079
2079
2079
2079
2079
2079
2079
2079
2079
2079
2079
2079
2079
2079
2079
2079
2079
2079
2079
2079
2079
2079
2079
2079
2079
2079
2079
2079
2079
2079
2079
2079
2079
2079
2079
2079
2079
2079
2079
2079
2079
2079
2079
2079
2079
2079
2079
2079
2079
2079
2079
2079
2079
2079
2079
2079
2079
2079
2079
2079
2079
2079
2079
2079
2079
2079
2079
2079
2079
2079
2079
2079
2079
2079
2079
2079
2079
2079
2079
2079
2079
2079
2079
2079
2079
2079
2079
2079
2079
2079
2079
2079
2079
2079
2079
2079
2079
2079
2079
2079
2079
2079
2079
2079
2079
2079
2079
2079
2079
2079
2079
2079
2079
2079
2079
2079
2079
2079
2079
2079
2079
2079
2079
2079
2079
2079
2079
2079
2079
1658
1658
1340
1340
1486
0840
0840
0840
1340
1340
1647
1486
1486
1658
1647
1658
1658
1647
1658
1658
1486
1486
1486
1486
1486
0840
1486
1486
1486
1486
1486
1486
1486
1486
1486
1486
1486
1486
1486
1486
1486
1486
0840
0840
0840
0840
0840
1486
1486
1486
1486
0840
0840
0840
0840
0840
0840
0840
0840
0840
0840
0840
0840
0840
0840
2122
1486
1486
1486
1486
1486
1486
1486
1486
0840
2122
2122
2122
2122
1340
0840
1612
1612
2079
2079
2079
2079
2079
2079
2079
2079
2079
2079
2079
2079
2079
2079
2079
2079
2079
2079
2079
2079
2079
2079
2079
2079
2079
2079
2079
2079
2079
2079
2079
2079
2079
2079
2079
2079
2079
2079
2079
2079
2079
2079
2079
2079
2079
2079
2079
2079
2079
2079
2079
2079
2079
2079
2079
2079
2079
2079
2079
2079
2079
2079
2079
2079
2079
2079
2079
2079
2079
2079
2079
2079
2079
2079
2079
2079
2079
2079
2079
2079
2079
2079
2079
2079
2079
2079
2079
2079
2079
2079
2079
2079
2079
2079
2079
2079
2079
2079
2079
2079
2079
2079
2079
2079
2079
2079
2079
2079
2079
2079
2079
2079
2079
2079
2079
2079
2079
2079
2079
2079
2079
2079
2079
2079
2079
2079
2079
2079
2079
2079
2079
2079
2079
2079
2079
2079
2079
2079
2079
2079
2079
2079
0840
0840
0840
0840
0840
0840
0840
0840
0840
0840
0840
0840
0840
0840
0840
0840
0840
0840
1486
1486
0840
1486
1486
0840
1486
1486
1486
1486
1486
1486
1486
1486
1486
1486
1486
0840
0840
0840
0840
0840
0840
0840
0840
0840
0840
2079
0840
0840
0840
0840
0840
0840
1486
1486
1486
1486
0840
0840
1486
1486
1486
0840
2122
1340
2122
2122
2122
2122
2122
2122
0840
0840
2079
2079
2079
2079
2079
2079
2079
2079
2079
2079
2079
2079
2079
2079
2079
2079
2079
2079
2079
2079
0840
2079
2079
2079
2079
2079
2079
2079
2079
2079
2079
2079
2079
2079
2079
2079
2079
2079
2079
2079
2079
2079
2079
2079
2079
2079
2079
2079
2079
2079
2079
2079
2079
2079
2079
2079
2079
2079
2079
2079
2079
2079
2079
2079
2079
2079
2079
2079
2079
2079
2079
2079
2079
2079
2079
2079
2079
2079
2079
2079
1340
1340
0840
0840
1658
1658
1658
1340
1340
1647
0840
0840
0840
0840
0840
1340
1340
1647
0840
0840
1658
1658
1658
1486
1486
1486
0840
1486
1486
1486
1486
1486
1486
0840
0840
0840
0840
0840
0840
0840
1486
1486
1486
1340
1486
1486
0840
2122
1340
2122
2122
0840
2079
2079
2079
2079
2079
2079
2079
2079
2079
2079
2079
2079
2079
2079
2079
2079
2079
2079
2079
2079
2079
2079
2079
2079
2079
2079
2079
2079
2079
2079
2079
2079
2079
2079
2079
2079
2079
2079
2079
1340
0840
1658
0840
0840
0840
0840
1340
1340
1647
0840
0840
0840
2122
1340
2122
2122
2079
2079
2079
2079
2079
2079
2079
2079
2079
2079
2079
2079
2079
2079
2079
2079
2079
2079
2079
0840
0840
0840
0840
0840
2079
2079
2079
2079
2079
2079
2079
2079
2079
0840
0840
2079
2079
2079
2079
2079
2079
2079
2079
2079
2079
2079
2079
2079
2079
2079
2079
2079
2079
2079
2079
2079
2079
2079
2079
2079
2079
2079
2079
2079
2079
2079
2079
2079
2079
2079
2079
2079
2079
2079
2079
2079
2079
2079
2079
2079
2079
2079
2079
2079
2079
2079
2079
2079
2079
2079
2079
2079
2079
2079
2079
2079
2079
2079
2079
2079
2079
2079
2079
2079
2079
2079
2079
2079
2079
2079
2079
2079
2079
2079
2079
2079
2079
2079
2079
2079
2079
2079
2079
1423
1423
1423
1423
1660
1660
1660
1660
1660
1660
1660
1660
1660
1660
1660
1660
1660
1660
1660
1660
1660
1660
1660
1660
1660
1660
1660
1660
1660
1660
1660
2079
2079
2079
2079
1486
0794
0794
0794
0794
0794
0794
1340
1340
1340
0794
2125
2125
2125
0794
0794
2125
2125
2125
2125
2125
2125
2125
2125
2125
2125
1263
0615
0730
0730
0730
0730
1647
0840
1660
1660
0646
2079
0842
2079
2079
2079
2079
2079
2079
2079
2079
2079
2079
2079
1340
1277
1277
1277
2079
2079
2079
2079
2079
2079
2079
2079
2079
2079
2079
2079
1486
1486
0840
0840
0646
1277
1277
1647
1486
1486
1486
2122
1340
1486
0840
0840
0840
0840
0840
1277
1277
1612
2079
2079
2079
2079
2079
2079
2079
2079
2079
2079
2079
2079
2079
2079
2079
2079
2079
2079
2079
2079
2079
2079
2079
2079
2079
2079
2079
2079
2079
2079
2079
2079
2079
2079
2079
2079
2079
2079
2079
2079
2079
2079
2079
1486
2122
0840
0840
2122
1277
1277
0840
1340
1486
1660
1486
1486
0840
0840
2079
2079
2079
2079
2079
2079
2079
2079
2079
1486
0840
2079
2079
2079
2079
2079
2079
0840
0840
0840
2079
0646
1277
1277
0710
1277
1277
1277
0646
0672
0672
0672
0672
0646
0088
0088
0088
0088
0088
0088
0088
0088
0206
0121
0842
0794
0794
2125
2079
2125
0840
0840
1263
1706
1706
2125
0840
1706
1706
2079
2079
2079
2079
2079
2079
2079
2079
2079
2079
2079
2079
2079
2079
1935
1935
0088
0088
0088
1935
1935
0615
0615
0615
0615
0615
0615
0646
0615
0615
0615
0615
0615
0615
0615
0672
0672
0615
0615
0615
0615
0672
0615
0615
0615
0615
0672
0615
0318
0100
0100
0100
0318
0318
0646
1295
1295
1295
1295
1295
1295
1295
1295
1295
1295
0730
0730
0730
1295
1295
1295
1295
1295
1295
0730
0730
0730
0730
0730
0730
0730
0730
0730
0730
0730
0730
0730
0730
0730
0730
0730
0730
0730
0730
0730
0730
0730
0730
0730
0730
0730
0730
0730
0730
0730
0730
0730
0730
0730
0730
0730
0730
0730
0730
0730
0730
0730
0730
0730
0730
0730
0730
0730
0730
0730
0730
0730
0730
0730
0730
0730
0730
0730
0730
0730
0730
0730
0730
0730
1647
1647
0730
1647
0730
1647
1647
0730
1647
0730
1647
1647
1647
1647
0730
1647
0730
1647
1647
1647
1647
1647
1647
1647
2079
2079
2079
2079
2079
2079
2079
2079
2079
2079
2079
2079
2079
2079
2079
2079
2079
2079
2079
2079
2079
2079
2079
2079
2079
2079
2079
2079
2079
2079
2079
2079
2079
2079
2079
2079
2079
2079
2079
2079
2079
2079
2079
2079
2079
2079
2079
2079
2079
2079
2079
2079
2079
2079
2079
2079
2079
2079
2079
2079
2079
2079
2079
2079
2079
2079
2079
2079
2079
2079
2079
2079
2079
2079
2079
2079
2079
2079
2079
2079
2079
2079
2079
2079
2079
2079
2079
2079
2079
2079
2079
2079
2079
2079
2079
2079
2079
2079
2079
2079
2079
2079
2079
2079
2079
2079
2079
2079
2079
2079
2079
2079
2079
2079
2079
2079
2079
2079
2079
2079
2079
2079
2079
2079
2079
2079
2079
2079
2079
2079
2079
2079
2079
2079
2079
2079
2079
2079
2079
2079
2079
2079
2079
2079
2079
2079
2079
2079
2079
2079
2079
2079
2079
2079
2079
2079
2079
2079
2079
2079
2079
2079
2079
2079
2079
2079
2079
2079
2079
2079
2079
2079
2079
2079
2079
2079
2079
2079
2079
2079
2079
2079
2079
2079
2079
2079
2079
2079
2079
2079
2079
2079
2079
2079
2079
2079
2079
2079
2079
2079
2079
2079
2079
2079
2079
2079
2079
2079
2079
2079
2079
2079
2079
2079
2079
2079
2079
2079
2079
2079
2079
2079
2079
2079
2079
2079
2079
2079
2079
2079
2079
2079
2079
2079
2079
2079
2079
2079
2079
2079
2079
2079
2079
2079
2079
2079
2079
2079
2079
2079
2079
2079
2079
2079
2079
2079
2079
2079
2079
2079
2079
2079
2079
2079
2079
2079
2079
2079
2079
2079
2079
2079
2079
2079
2079
2079
2079
2079
2079
2079
2079
2079
2079
2079
0292
0646
0646
0646
0615
0646
0646
0615
0646
0646
0646
0646
0646
0646
0646
0646
0646
0646
0646
0646
0646
1277
1277
1277
0646
0646
0646
0646
0646
0646
0646
0646
0646
0615
0646
0646
0646
0646
0646
0646
0646
0646
0646
0646
0646
0646
0646
0646
0646
0646
0646
0646
0646
0615
0646
0646
0646
0646
0646
0646
0646
0646
0646
0646
0646
0646
2079
*
2029
1755
1730
1219
1559
1573
1710
0916
0916
1584
0683
0065
0630
0630
0683
0683
0630
0065
1559
2029
0742
1219
0065
0065
0889
0889
1441
1276
1219
1271
0399
1441
*
0398
0073
0236
0236
0236
0236
0367
0236
0236
0236
0073
0583
0236
0236
0236
0236
0236
0236
0236
0236
0236
0236
0185
0185
0236
0236
0236
0236
0236
1236
1613
0236
1236
0236
0236
0236
0236
0236
0236
0236
0236
0236
0236
0236
0236
0236
0236
0236
0236
0236
0236
0236
0236
0236
0236
0236
0236
0236
0236
0236
0236
0236
0236
0236
0236
0236
0236
0236
0236
0236
0236
0236
0236
0236
0236
0236
0236
0236
0236
0236
0236
0236
0236
0236
0236
0236
0236
0236
0236
0236
0236
0236
0236
0236
0236
0236
0236
0073
0073
0073
0367
0100
0236
0236
0236
0236
0236
0073
0073
0073
0236
0236
0236
0073
0073
0073
0073
0236
0236
0236
0236
0236
0236
0236
0236
0073
0236
0236
0236
0236
0236
0236
0073
0073
0073
0236
0236
0236
0236
0236
0073
1236
1236
1236
1236
1236
1236
2307
1613
1613
1236
1177
1236
0236
0236
0236
1236
1065
1236
0236
1613
2307
1236
1236
1236
1236
0236
0236
1236
0236
0236
0236
0236
1613
1613
1613
1613
1236
0236
0236
0236
0236
1236
0236
0236
1236
0236
1236
1236
1236
1236
0236
1236
1613
1613
1613
1613
1613
1695
1613
1613
1613
1613
1236
0236
1236
1613
1613
1613
1613
1613
1613
1613
1613
1613
1613
1613
0185
0583
0064
0064
0583
0583
0236
0236
0073
0236
0236
0236
0367
0236
0367
0100
0367
0367
0398
0185
0100
0073
0073
0073
0073
0236
0398
0367
0367
0367
0367
0398
0236
0073
0073
0073
0367
0367
0236
0236
0236
0236
0236
0236
0398
0367
0367
0367
0398
0367
0236
0236
0236
0236
0236
0236
0236
0236
0236
0236
0367
0367
0236
0236
0236
0236
0367
0064
0236
0236
0236
0064
0367
0367
0185
0583
0185
0583
0367
0236
0236
0236
0064
0064
0064
1613
1613
1613
1613
0185
0073
0367
0236
0236
0236
0236
0236
0236
0236
0236
0236
0236
1236
0236
0749
0236
0236
0064
0236
0236
0236
0185
0185
0185
0185
0236
0236
0073
0236
0064
0064
0367
0236
0749
0073
0367
0367
0367
0236
0236
0236
0185
0064
0064
0039
0039
0039
0039
0236
0073
0236
0245
0039
0064
0064
0064
0064
0245
0245
0244
0039
0073
0185
0185
0185
0064
0064
0064
0245
0245
0064
0064
0064
0064
0064
0039
0064
0185
0064
0245
0245
0244
0245
0064
0245
0244
0064
0064
0064
0064
0367
0064
0064
0064
0064
0064
0064
0185
0572
0236
0073
0245
0236
0236
0236
1304
1616
1535
1393
1613
1613
1613
1613
1613
1613
1613
1613
0198
0732
1535
0763
0763
0763
0763
0763
0763
0763
0763
0763
0763
0921
0921
0244
0064
0064
0064
0064
0064
0064
0064
0064
0185
0064
0185
0185
0100
0763
0236
0236
0064
0236
0236
0236
0236
0236
*
0576
0576
0576
0576
0389
0574
0574
0389
0389
0389
0742
0742
0742
0742
0576
0389
0389
0389
0389
2029
2153
2153
2128
2128
2128
2060
1695
2153
1695
2153
2022
1219
1336
0904
0904
0904
0904
0514
1352
1352
0742
0742
0402
0742
0742
0634
0634
0634
0634
1219
0742
0742
1391
1295
*
0065
0065
0065
0742
0275
0065
0065
0065
0065
0065
0065
0065
0065
0065
0065
0065
0065
0065
0065
0065
0065
0065
0065
0065
0065
0065
0065
0065
0065
0065
0065
0065
0065
0065
0065
0065
0065
0065
0065
0065
0065
0065
0065
0065
0065
0065
0065
0065
0065
0065
0065
0065
0065
0065
0065
0065
0065
0065
0065
0065
0065
0065
0065
0065
0065
0065
0065
0065
0065
0065
0065
0065
0065
0065
0065
0065
0065
0065
0065
0065
0065
0065
0065
0065
0065
0065
0065
0065
0065
0065
0065
0065
0065
0065
0065
0065
0065
0065
0065
0065
0065
0065
0065
0065
0065
0065
0065
0065
0065
0065
0065
0065
0065
0065
0065
0065
0065
0065
0065
0065
0065
0065
0065
0065
0065
0065
0065
0065
0065
0065
0065
0065
0065
0065
0065
0065
0065
0065
0065
0065
0065
0065
0065
0065
0065
0065
0065
0065
0065
0065
0065
0065
1065
1065
0065
0065
0065
0065
0065
0065
0065
0065
0065
0065
0065
0065
0065
0065
0065
0065
0065
0065
0065
0065
0065
0065
0065
0065
0065
0065
0065
0065
0065
0065
0065
0065
0065
0065
0065
0065
0065
0065
0065
0065
0065
0065
0065
0065
0065
0065
0065
0065
0065
0065
0065
0065
0065
0065
0065
0065
0065
0065
0065
0065
0065
0065
0065
0065
0065
0065
0065
0065
0065
0065
0065
0065
0065
0065
0065
0065
0065
0065
0065
0065
0065
0065
0065
0065
0065
0065
0065
0065
0065
0065
0065
0065
0065
0065
0065
0065
0065
0065
0065
0065
0065
0065
0065
0065
0065
0065
0065
0065
0065
0065
0065
0065
0065
0065
0065
0065
0065
0065
0065
0065
0065
0065
0065
0065
0065
0065
0065
0065
0065
0065
0065
0065
0065
0065
0065
0065
0065
0065
0065
0065
0065
0065
0065
0065
0065
0065
0065
0065
0065
0065
0065
0065
0065
0065
0065
0065
0065
0065
0065
0065
0065
0065
0065
0065
0065
0065
0065
0065
0065
0065
0065
0065
0065
0584
0584
0584
0584
0065
0584
0065
0584
0584
0584
0572
0584
0584
0065
0065
0584
0065
0065
0065
0584
0065
0065
0040
0040
0040
0040
0040
0040
0040
0040
0040
0040
0065
1165
0547
0547
0065
0040
0065
0065
0065
0742
0065
0040
0040
0040
0040
0065
0065
0065
0065
0065
0065
0065
0065
1165
0742
0742
1165
0065
0065
0065
0040
0040
0065
1165
0065
0572
0547
1165
0572
0572
0547
1165
1165
0065
0572
0572
0572
0572
0065
0065
0572
0572
1165
0572
0547
0065
0065
0572
0572
0547
0572
0065
0040
0040
0547
0547
1265
0547
0040
0040
0040
0040
1165
0065
0065
0065
0065
0547
1165
0065
0572
0040
0040
0065
0040
0040
0040
0040
0065
0065
0065
0065
0065
0065
0065
0065
0065
0065
0572
0065
0191
0572
0547
1165
0065
0040
0040
0065
0742
0742
0742
0742
0742
0065
0040
0065
0065
0065
0065
0065
0065
1065
1065
1065
1165
1165
1165
1165
1502
0742
2009
0696
0246
1165
1165
1165
0584
0742
1352
1165
1165
0572
0742
0742
0696
0245
0696
1065
0246
0399
0065
0399
0065
0246
1065
0275
0275
0275
1065
1065
0584
1065
0399
0065
0572
0572
0572
0572
0572
1165
0572
0065
0547
0572
0572
0547
0547
1165
1165
0389
0572
0389
0572
0572
0572
0572
0572
0572
0572
0572
0572
1165
0572
0065
0065
0377
0547
1936
0098
0065
0040
0040
0040
0040
0040
0040
0065
1165
0547
0547
0065
0065
0065
*
0207
1217
2011
*
0390
0065
0696
0065
1065
0696
1191
1065
0065
2153
2193
0696
2153
1191
0064
0245
0245
0037
0065
0037
0696
0696
1065
0377
0065
0065
1065
1065
1065
0037
0065
0037
1065
0515
1065
1065
1065
1065
1465
1065
0696
1065
1065
1065
0246
0292
0292
0065
1065
0696
1065
0065
1065
0065
1465
1465
0065
2089
1065
1465
0244
0065
2153
1191
1191
1191
1191
1065
2153
0104
0245
0245
0245
2153
1191
1551
1191
1191
1177
1191
0065
0696
1177
2153
1177
1191
1191
2153
1065
1191
1551
1191
0696
1065
1065
1065
1065
1065
1191
0696
1065
1191
1191
1191
*
0390
0191
0439
0439
0390
0390
0439
0439
0191
0390
0390
0658
0391
0391
0391
0391
0391
0391
0391
0391
0391
0391
0391
0391
0391
0391
0391
0391
0391
0391
0391
0399
0658
0191
0391
0191
0391
0439
0439
0439
0374
0439
0701
0701
0701
0701
0701
0390
0439
0701
*
1873
1875
1875
*
0063
0063
0063
*
0121
0064
0064
0121
0121
0121
0121
0121
0121
0121
0121
0121
0121
0121
0121
0121
0121
0121
0121
0121
0322
1847
0121
0121
0121
1687
1687
0121
0121
0121
0121
0121
0121
0121
0121
0121
0121
0121
0121
0121
0121
0121
0121
0121
0121
0121
0121
0121
0121
0121
0121
0121
0121
1221
0544
0121
1847
1847
1847
0121
0121
0121
0121
0121
0121
0121
0121
0121
0121
0121
0121
0121
0121
0121
0121
0121
0121
0121
0121
0121
0121
0121
0121
0121
0121
0121
0121
1487
0121
0121
0121
0121
0121
0121
0121
0121
0121
0121
0121
0121
1221
1221
1221
0121
1221
1847
1847
1847
1487
1221
1221
1221
1221
1847
1847
0121
0121
0121
1487
0121
0121
0121
0121
0121
0121
0121
0121
0121
0121
0121
0121
0121
0121
0121
0121
0121
1221
0121
0121
0121
0121
0121
0121
0121
0121
1421
0121
0121
1221
0121
0121
0121
0121
0121
0121
1614
0121
0121
0121
0121
0121
1221
1221
1614
1221
0121
0121
0121
1221
1221
0121
1221
0121
0121
0121
0121
1221
1221
0121
0121
1221
1221
1221
0121
0121
0121
0121
0121
1221
1221
1221
1221
1221
1221
1221
1221
1221
1221
0121
1221
0121
1687
0064
0064
0064
0064
0064
0064
0121
0064
0185
0064
0121
0064
0064
0064
0064
0121
0121
1847
1847
0064
0064
0121
0121
0064
0121
0121
0121
0064
0064
0064
0121
0121
0519
0121
0121
0064
0121
0121
0121
0121
0121
0121
0121
0121
0121
0121
0121
0121
0121
0121
0121
0121
0121
0121
0121
0121
0121
0681
0121
0064
0121
0121
0121
0121
0121
0121
0064
0121
0121
0121
0121
0064
0121
0121
0121
1614
0121
0064
0064
0064
0121
0121
0121
0121
0121
0121
0121
0121
0121
0121
0121
0121
0121
0121
0064
0064
0064
0121
0121
0121
0121
0121
0121
0121
0121
0121
0121
0121
0121
0121
0121
0121
0121
0121
0121
0121
0121
0121
0121
0121
0121
0121
0121
0121
0121
0121
0121
0121
0121
0121
0121
0121
0121
0121
0064
0121
0121
0121
0121
0121
0121
0121
0121
0121
0121
0121
0121
0121
0121
0121
0121
0064
0121
0121
0121
0121
0121
0121
0121
0121
0121
0121
0121
0121
0121
0064
0064
0121
0121
0121
0121
0121
0121
0121
0121
0121
0121
0121
0121
0121
0121
0121
0121
0121
0121
0121
0121
0121
0121
0121
0121
0121
0121
0121
0121
0121
1614
1421
1687
0064
0064
0064
0121
0121
0815
1687
0846
1687
0846
1687
1687
1687
0121
0846
0846
1421
1421
1687
0846
0846
0846
1421
1421
1687
1687
1687
1614
0846
1421
1487
0846
0846
0846
1687
1687
1687
0846
0846
0846
0846
0846
1614
1421
1421
2242
2242
2242
0846
1614
1614
1614
1614
1687
1687
1421
0846
0846
0846
0846
1687
1687
1687
1687
0846
1687
1687
0846
0846
1687
1687
1687
1687
1687
1687
1687
1687
1687
1687
1687
1687
1687
0846
0846
1687
1687
1687
1687
1421
1421
1421
1421
0846
0846
0846
0846
1687
1687
1687
1687
1687
1687
1687
1687
1687
1687
1687
1687
1421
1421
1687
2242
2242
1687
0846
2242
1687
1614
1687
1687
1687
1687
1421
0846
0846
0846
1687
0846
0846
0846
1687
1687
1687
1687
1421
1421
1421
1614
1687
0846
1614
1421
1687
0846
1687
1687
1687
0846
0846
1687
1687
1687
1687
1687
1687
1687
1687
1687
1687
1687
1687
1687
2242
2242
1687
1687
1687
1687
0846
0846
0846
1687
1687
1687
1687
1687
1687
1687
1687
1687
0846
2242
1687
1687
1687
1687
1687
0846
0846
0846
0846
1687
0846
0846
1687
1687
1687
1687
1687
1687
1687
1687
1687
1687
1687
1687
1687
1687
1687
1687
1687
1687
1687
1687
1687
1687
1687
1687
1687
1687
1687
1687
0846
0846
0846
0846
1687
1687
1687
1687
1687
1687
1687
1687
1687
1687
1687
1687
1687
1687
1687
1614
1687
1687
1687
0846
0846
0846
1614
1687
1687
1687
1687
1687
1687
1687
1687
1687
1687
1687
1687
1687
1687
1687
1687
1687
1687
1687
1687
1687
1687
1687
1687
1687
1687
1687
1687
1687
1687
1687
0846
0121
0519
0519
0121
0121
0121
0121
0121
0121
0121
0121
0121
0121
0121
0121
0121
0121
0121
0121
0121
0121
0121
0121
0121
0121
0121
0121
1221
0121
0121
0121
0121
0121
0121
0121
0121
0121
0121
0121
0121
0121
0121
0121
0064
0064
0064
0121
0121
0121
0121
0681
0121
0121
0121
0121
0121
0121
0121
0121
0121
0519
0519
0519
0519
0519
0519
0519
0519
0519
0519
0519
0519
0519
0519
0519
0519
0880
0519
0880
0519
*
0563
0563
0563
0563
0185
0185
0563
0563
0219
0219
0563
0219
0223
0223
0223
0223
0223
0223
0223
0223
0223
0223
0223
0223
0065
0065
0065
0065
0563
0185
0185
0185
0563
0563
0563
0563
0563
0563
0563
0563
0223
0563
0223
0223
0223
0223
0223
0219
0219
0219
0219
0219
0219
0223
0223
0223
0223
0223
0223
0223
0223
0223
0223
0223
0223
0219
0065
0065
0223
0223
0223
0223
0563
0563
0563
0563
0563
0563
0563
0563
0563
0219
0219
0219
0065
*
1065
1065
*
1325
1325
1325
1325
1325
1325
1325
1325
1325
1325
1325
1325
1325
1325
1325
1325
1325
1325
1325
1325
0701
0701
0701
0701
*
1643
1643
1539
1539
1539
1641
1532
1640
1642
0310
1643
0065
1773
1641
1641
1641
1641
1641
1641
1641
1541
0908
1642
1642
1642
1803
1806
1803
1642
1642
1642
1642
1803
1876
1642
1803
1404
1634
1634
1634
*
0908
0828
0828
0893
0893
0893
0893
1352
1352
1352
0893
0828
0893
*
0100
0100
0389
0191
0389
0389
0191
0379
0576
0576
0191
0389
0191
0379
0191
0576
0389
0065
*
1404
1760
*
1533
0064
0185
1533
1533
1533
0064
0039
0381
0064
0064
0064
0039
0064
0064
0064
0038
0038
1679
1533
0038
0039
1679
1679
1679
1679
1679
1679
1679
1679
1679
1679
1679
1853
1653
1653
1853
1653
1653
1653
1653
1853
1853
1853
1853
1853
1853
1853
1853
1853
1853
1853
1853
1853
1853
1853
1853
1853
1853
1853
1853
1853
1853
1853
1853
1853
1853
1853
1853
1853
1853
1853
1853
1853
1853
1853
1853
1853
1853
1853
1853
1853
1853
1853
1853
1853
1853
1853
1853
1653
1853
1853
1853
1853
1853
1853
1853
1853
1853
1853
1853
1853
1853
1853
1853
1853
1853
1853
1853
1853
1853
1853
1853
1853
1853
1853
1853
1853
1853
1853
1533
1853
1853
1853
1853
1853
1853
1853
1853
1853
1853
1853
1853
1853
1853
1853
1853
1853
1853
1853
1853
1853
1853
1853
1853
1853
1853
1853
1853
1853
1853
1853
1853
1853
1853
1853
1853
1853
1853
1853
1853
1853
1853
1853
1853
1853
1853
1853
1853
1853
1853
1853
1853
1853
1853
1853
1853
1853
1853
1853
1853
1853
1853
1853
1853
1853
1853
1853
1853
1853
1853
1853
1853
1853
1853
1853
1853
1853
1853
1853
1853
1853
1853
1853
1853
1853
1853
1853
1853
1853
1853
1853
1853
1853
1853
1853
1853
1853
1853
1853
1853
1853
1853
1853
1853
1853
1853
1853
1853
1853
1853
1853
1853
1853
1853
1853
1853
1853
1853
1853
1853
1853
1853
1853
1853
1853
1853
1853
1853
1853
1853
1853
1853
1853
1853
1853
1853
1853
1853
1853
1853
1853
1853
1853
1853
1853
1853
1853
1853
1853
1853
1853
1853
1853
1853
1853
1853
1853
1853
1853
1853
1853
1853
1853
1853
1853
1853
1853
1853
1853
1853
1853
1853
1853
1853
1853
1853
1853
1853
1853
1853
1853
1853
1853
1853
1853
1853
1853
1853
1853
1853
1853
1853
1853
1853
1853
1853
1853
1853
1853
1853
1853
1853
1853
1853
1853
1853
1853
1853
1853
1853
1853
1853
1853
1853
1853
1853
1853
1853
1853
1853
1853
1853
1853
1853
1853
1853
1853
1853
1853
1853
1853
1853
1853
1853
1853
1853
1853
1853
1853
1853
1853
1853
1853
1853
1853
1853
1853
1853
1853
1853
1853
1653
1653
1653
1653
1653
1653
1653
1653
1653
1653
1653
1653
1653
1653
1653
1653
1853
1853
1853
1853
1579
1579
1653
1579
1653
1579
1579
1653
1579
1579
1579
1579
1579
1579
1579
1579
1653
1779
1579
1579
1579
1579
1579
1853
1853
1853
1853
1853
1679
1779
1853
1853
1653
1779
1679
1853
1853
1853
1853
1853
1679
1779
1853
1853
1853
1853
1853
1853
1853
1853
1853
1853
1679
1679
1853
1853
1853
1853
1853
1853
1679
1853
1853
1853
1853
1679
1679
1853
1853
1853
1853
1853
1679
1853
1679
1853
1853
1679
1853
1853
1853
1679
1679
1679
1679
1679
1679
1579
1579
1579
0038
1679
1679
1679
1533
1679
1679
1679
1679
1533
1533
1533
1533
1533
1533
1533
1533
1533
1533
1533
1653
1653
1653
1653
1653
1679
1653
1653
1653
1653
1679
1679
1653
1653
1653
1653
1653
1653
1679
1653
1653
1653
1653
1653
1653
1653
1653
1653
1653
1653
1653
1653
1653
1653
1653
1679
1653
1653
1653
1653
1653
1653
1653
1653
1653
1653
1653
1653
1653
1653
1679
1679
1679
1679
1679
1533
0039
0039
0039
0039
0039
0039
0039
0039
0039
0039
0038
0038
0038
0038
0038
0038
0038
1679
1679
1679
1679
1679
1679
1679
1679
1533
1533
1533
1533
1533
1533
1533
1533
1533
0038
0038
0064
0064
0064
0039
0064
0039
0064
0064
0064
0064
1533
1533
1533
0038
0038
0038
0038
0038
0038
0038
0064
0064
0039
0039
0039
0039
0039
0039
0039
0039
0038
0038
0038
0038
0038
0038
0038
0038
0038
0038
0038
0038
0038
0038
0064
0064
0064
0064
0064
0064
0064
0039
0039
0039
0039
0039
0039
0039
0039
0039
0039
0039
0039
0039
0039
0039
0039
0039
0039
0038
0038
0038
0038
1533
1533
1533
1533
0038
1533
1533
1533
1533
1679
1533
1679
1533
1533
1533
1533
1679
1679
1679
1679
1679
1679
1679
1679
1679
1679
1679
1679
1679
1679
1679
1679
1679
1679
1679
1679
1679
1679
1533
1533
1533
1533
1533
1533
1533
1533
1679
1533
1533
1533
1533
1679
1533
1533
1679
1533
1533
1533
1533
1533
1533
1533
1533
1533
1533
1533
1533
1533
0038
0038
0038
0038
1533
0038
0038
1533
1533
1533
1533
0038
0038
0038
0064
0064
0064
0064
0064
0064
0064
0064
0064
0039
0039
0039
0039
0039
0039
0039
0039
0039
0039
0039
0039
0039
0039
0039
0039
0039
0039
0039
0039
0039
0039
0039
0039
0039
0039
0039
0039
0039
0039
0039
0039
0039
0039
0039
0039
0039
0039
0039
0039
0039
0039
0039
0039
0039
0039
0039
0039
0039
0039
0039
0039
0039
0039
0039
0039
0039
0039
0039
0039
1579
1579
1533
1533
1533
1533
1533
1533
0039
1533
1533
1533
1533
1679
1679
1679
1533
1533
1533
1533
1533
0038
1679
1679
1679
1679
1679
1679
1679
1679
1533
1533
1533
1679
1679
1533
1533
1533
1533
1679
1533
1679
1533
1679
1533
1533
1533
1533
1533
1533
1533
1533
1533
1533
0064
0064
0064
0064
0039
0039
0039
0039
0039
0039
0039
0039
0039
0039
0039
0039
0039
0039
0039
0039
0039
0039
0039
0039
0039
0039
0039
0039
0039
0039
0039
0039
0039
0039
0039
0039
0039
0039
0039
0064
0064
0039
0039
0039
0039
0039
0039
0039
0039
0039
0039
0039
0039
0039
0039
0039
0039
0039
0039
0039
0039
0039
0039
1653
0039
0039
0039
0039
0038
0038
1533
0039
0039
1533
0038
0038
0038
0038
0038
0038
1533
0038
0039
0039
0039
0039
0039
0039
0039
0039
0039
0038
0038
0038
0038
0038
1679
1679
1679
1533
1679
1679
1679
1533
1679
1679
1679
1679
1679
1679
1679
1679
1679
1579
1579
1579
1679
1579
1579
1579
1579
1579
1579
1579
1533
1533
1533
1533
1533
0038
1533
1533
1533
1533
1533
1533
0038
1533
1679
1533
1679
0038
1533
1533
1533
1533
1533
1533
1533
1533
1679
1533
1533
1679
1679
1533
1533
1679
1679
1533
1679
1679
1679
1679
1679
1679
1679
1679
1679
1679
1579
1679
1579
1679
1533
1679
1579
1579
1579
1579
1579
1579
1533
1533
1533
1533
1679
1533
1533
1653
1653
1579
1679
1679
1679
1679
1679
1679
1679
1533
1679
1679
1679
1679
1679
1679
1679
1579
1579
1579
1679
1653
1579
1679
1579
1579
1579
1579
1579
1679
1653
1579
1653
1533
1533
1533
1533
1533
1533
1533
1533
0038
1653
1653
1533
1653
1653
1653
1653
1653
1653
1679
1679
1679
1653
1653
1653
0039
1533
1679
1533
1679
1533
1533
1533
1679
1533
1679
1533
1679
1579
1533
1533
1533
1533
1533
1533
1533
1533
1533
1533
1533
1533
1533
1533
1533
1533
1533
1533
1533
1533
1533
1533
1533
1533
1533
1533
1533
1579
1533
1533
1533
1533
1533
1533
1533
1533
1533
1533
1533
1533
1533
1533
0038
0038
0038
1533
0038
1533
1533
1533
0038
1533
1679
1679
1653
1653
1533
1533
0038
0038
0038
0038
1653
1653
1653
1653
1533
1533
1533
1533
1533
1533
1533
1533
1533
1533
0038
1533
1533
1533
0038
0038
0038
0038
0038
0038
1533
0038
0038
0038
0038
0038
0038
0038
0038
0038
0038
0038
0038
0038
1533
0038
1533
1533
1533
1533
1533
1533
0038
0038
1533
1533
1533
0038
1533
1533
1533
1533
1533
0038
1533
1533
1533
1533
1533
1533
1533
1533
1533
1533
1533
1533
1533
1533
1533
0038
1533
1533
1533
0038
0038
1679
1533
1533
1533
1533
1533
1679
1533
1533
1533
1679
1579
1579
1579
1579
1533
1533
1533
1533
1533
1533
1533
1533
1533
1533
1533
1533
1533
0038
1533
1533
1533
1533
1533
1533
1533
1533
1533
1533
1533
1533
1533
1533
1533
1533
1533
1533
1533
1533
1533
1533
1533
0038
0038
1533
1533
1533
1533
1533
1533
1533
1533
1533
0038
1533
1533
1533
1533
1533
1533
1533
1533
1533
1533
1533
1533
0038
1533
1533
1679
0038
1679
1533
0038
1533
1533
1653
1533
1679
1679
1679
1679
1679
1679
1679
1679
1679
1679
1679
1679
0039
0039
0038
0038
0039
1579
1579
1579
1579
1679
0038
1713
1713
1713
0038
0381
0039
0039
0064
0064
0064
0064
0064
0039
0039
0039
0039
0039
0039
0039
0038
0038
1533
0038
1533
0038
1533
0038
1533
0038
1533
0038
1533
0038
1533
0038
1533
0038
1533
0038
1533
0038
1533
0038
1533
1533
0038
1533
0038
1533
1533
1533
1533
1533
1533
1533
1533
1533
1533
0038
1533
1533
0038
1533
1533
1579
1853
1853
1853
1853
1853
1853
1853
1853
0038
0381
1533
0038
1533
1533
1533
1533
0039
0038
1679
0038
1853
0381
0381
0381
0381
0381
0381
0381
0381
0862
0381
0862
0862
0381
0770
0381
0770
0381
0381
0381
0862
0381
0381
0381
0381
0381
0770
0381
0039
0039
0039
0039
0039
1533
0381
1853
1853
*
1065
0065
0446
0446
0446
0446
0446
0065
0065
0065
0743
1874
1875
1875
*
0037
*
0246
0037
0246
0065
0245
0245
0037
0037
0245
0246
0246
0402
0402
0037
0402
1737
1737
0037
0402
0402
0245
0037
0065
0065
2118
1065
1737
0245
0065
*
0037
0065
0037
2060
1815
0292
*
1532
2132
1643
1643
1773
1539
1641
1541
1641
1641
1641
1641
1641
1641
1804
1804
1641
1641
1641
1641
1877
1877
1877
1877
2090
2090
2087
2087
2134
2134
2087
2134
2134
0908
0908
1404
1640
1541
1540
1540
1540
1803
1642
1642
1642
1803
1806
1803
1803
1642
1803
1642
1642
1642
1803
1803
1876
2089
1642
1803
0893
1539
1541
0908
1642
1642
1806
1803
1634
1803
1803
1634
1634
1634
1803
2089
