!POPULATE
*
0121
0246
0191
0191
0245
0246
0246
0100
0246
0304
0191
*
2273
1295
1219
1295
1295
2273
1295
*
0544
0277
0077
0544
0544
0544
0100
0100
0300
0300
0077
0065
1747
0065
0065
1747
0657
0544
0272
0544
0100
0245
0100
0245
0544
0544
0245
0300
0277
0277
0544
0100
0100
0100
0544
0544
0277
0544
0277
0277
0100
1747
0100
0100
0100
0100
0100
0100
0065
0065
0100
0065
0065
0300
0300
0544
0544
0544
0300
0065
1219
1748
0065
1314
1784
0300
0277
0544
0039
0039
0065
0065
0544
0065
0544
0544
0245
0100
1084
0300
0245
0245
0100
0100
0649
0649
0649
1352
0065
0649
1084
0065
0065
0065
0544
0245
0245
0300
0300
0544
0544
1219
0100
0100
0544
0100
0300
0300
0300
0277
0277
0544
0544
0100
0065
0065
0100
0100
0100
0100
0100
0065
0065
0100
0100
0100
0100
0100
0065
0544
0277
0077
0277
0277
0544
1944
1944
0100
0245
0100
0065
0277
0277
0544
1314
0065
0065
1748
1748
1276
1276
1748
1747
1314
1276
1276
1591
1747
1747
1314
1314
1314
1748
1748
1748
1748
1748
1747
1747
1747
1314
1748
1314
1747
0065
0065
0065
0065
0065
0065
0065
0065
0065
0065
0065
*
0742
1317
1336
2029
0836
0836
*
0696
0245
0572
0726
0726
0783
0783
0572
0292
0292
0459
0065
0292
0065
0065
0065
0245
0459
0065
0065
0540
0065
0065
0065
0572
0065
0446
0065
0065
0726
0459
0446
0310
0310
0037
0726
0065
0037
0292
0726
0065
0065
0037
0037
0292
0037
0037
0037
0065
0065
0292
0726
0065
0726
0440
0065
0540
0065
0065
0065
0065
0065
0065
0292
0440
1231
0065
0572
0572
0065
0065
0065
0065
0749
0065
0065
0065
0540
1065
1065
1465
0615
2011
2011
1177
1177
0742
0742
1177
1177
0742
0742
1065
1065
0696
1065
1065
1065
1065
0742
0742
1065
0742
1065
2169
1737
2169
2169
1737
1798
1840
1798
1798
1840
1840
1798
1798
2060
1391
0726
1752
0206
0206
0199
0199
2013
0198
1391
0783
1783
1783
1783
0065
0065
1673
2196
2196
2196
2196
2196
2196
2196
0696
*
0584
0678
0678
0678
0678
0678
0678
0678
0678
0678
0678
0678
*
2134
2134
2134
2134
2134
2153
2240
1877
2011
1893
1893
1893
1893
2134
2196
2060
2196
2196
2011
2134
2087
1893
2134
2087
1877
2011
2060
2196
2011
1877
2134
2196
2153
2011
2196
1695
2240
1695
2134
2240
2240
2240
1695
1695
2240
1695
2087
2196
2196
2196
2057
2134
2134
2134
*
2010
2010
0527
2060
0653
2060
1921
0908
1352
0584
*
1065
2307
1695
1695
1695
1191
1191
1191
1065
1191
1191
1191
*
0681
2208
2208
2208
2208
2208
1068
2137
1551
2137
1068
1068
1068
*
0037
0037
0245
0037
0037
0634
0459
0236
0245
0245
0037
0037
1246
0312
0304
0037
0634
0634
0634
0446
*
0207
0207
0207
*
0102
0102
0102
0102
0102
0102
0102
0102
0102
0102
0102
0102
0102
0102
0102
0102
0102
0102
0102
0102
0102
0102
0102
0102
0102
0102
0102
0102
0102
0102
0102
0102
0102
0102
0102
0102
0102
0102
0102
0102
0102
0102
0102
0102
0102
0102
0102
0102
0102
0102
0102
0102
0102
0102
0102
0102
0102
0102
0102
0102
0102
0102
0102
0137
0137
0102
0102
0102
0137
0102
0102
0102
0102
0102
0102
0102
0102
0102
0102
0102
0102
0102
0102
0102
0102
0102
0129
0102
0102
0102
0102
0102
0102
0102
0102
0137
0102
0102
0102
0102
0129
0129
0129
0129
0129
0102
0102
0129
0137
0102
0129
0129
0137
0102
0129
0102
0102
0129
0102
0129
0129
0137
0129
0102
0102
0102
0102
0102
0102
0102
0102
0102
0102
0102
0102
0102
0129
0137
0588
1584
0653
0102
0102
0102
0102
0102
0102
0102
0102
0102
0224
0102
0102
0102
0102
0102
0102
0102
0102
0102
0102
0102
0102
0102
0102
0102
0102
0102
0102
0129
0102
0129
0102
0102
0102
0102
0102
0102
0102
0102
0102
0102
0102
0102
0102
0102
0102
0102
0102
0102
0102
0102
0102
0102
0102
0102
0102
0102
0102
0102
0102
0102
0102
0102
0102
0102
0102
0102
0102
0102
0137
0137
0363
0137
0137
0129
0129
0129
0129
0137
0129
0137
0129
0102
0129
0129
0129
0129
0102
0137
0129
0137
0102
0129
0129
0129
0129
0102
0129
0129
0102
0129
0129
0129
0129
0129
0137
0102
0102
0102
0102
0102
0102
0102
0102
0102
0102
0102
0102
0102
0102
0102
0102
0102
0102
0102
0102
0102
0102
0499
0499
0499
0499
0102
0102
0102
0102
0102
0102
0102
0102
0102
0102
0102
0102
0102
0102
0102
0102
0102
0102
0102
0102
0102
0102
0102
0102
0129
0129
0129
0102
0129
0102
0102
0102
0102
0102
0102
0514
0102
0653
0653
0742
0653
0653
0653
0653
0653
0653
0653
0653
0653
0653
0653
0653
0653
0653
0653
0653
0653
0653
0653
0653
0653
0653
0653
0653
0653
0588
0653
0653
0653
0653
0653
0653
0588
0499
0499
0653
0588
0653
0653
0653
0653
0653
0653
0653
0653
0653
0653
0653
0102
0102
0102
0102
0653
0653
0499
0499
0499
0499
0499
0499
0499
0137
0371
0371
0137
0371
0137
0371
0102
0137
0102
0102
0137
0505
0102
0102
0102
0102
0102
0505
0102
0102
0102
0102
0102
0102
0102
0102
0102
0102
0102
0371
0499
0499
0499
0499
0499
0363
0653
0129
0129
0129
0102
0102
0102
0102
0102
0102
0102
0102
0102
0102
0102
0102
0102
1616
0363
0363
0653
0653
0653
0653
0653
0653
0653
0653
0653
0653
0653
0653
0653
0653
0653
0653
0653
0653
0653
0653
0653
0653
0653
0653
0588
0129
0129
0129
0129
0137
0129
0137
0137
0137
0137
0137
0137
0137
0371
0371
0653
0653
0129
0129
0137
0129
0137
0129
0137
0129
0137
0371
0129
0499
0129
0137
0129
0102
0129
0129
0137
0137
0499
0499
0137
0363
0499
0499
0137
0129
0129
0129
0137
0129
0129
0102
0102
0102
0102
0102
0102
0102
0102
0102
0102
0102
0102
0102
0102
0102
0102
0102
0102
0102
0102
0102
0102
0102
0102
0102
0102
0102
0102
0102
0102
0102
0102
0102
0102
0102
0102
0102
0102
0102
0102
0102
0102
0102
0102
0102
0102
0102
0102
0102
0102
0102
0102
0102
0102
0102
0102
0102
0102
0102
0102
0102
0102
0102
0102
0102
0102
0102
0102
0102
0102
0102
0102
0102
0102
0102
0102
0102
0102
0102
0102
0102
0102
0102
0102
0102
0102
0102
0102
0102
0102
0102
0137
0137
0102
0102
0102
0137
0102
0102
0102
0102
0102
0102
0102
0102
0102
0102
0102
0102
0102
0102
0102
0102
0102
0102
0129
0102
0102
0102
0102
0102
0102
0102
0102
0102
0102
0102
0102
0102
0102
0102
0102
0137
0102
0102
0102
0102
0102
0129
0129
0065
0129
0129
0102
0129
0137
0129
0129
0137
0102
0129
0102
0102
0129
0102
0129
0129
0137
0129
0102
0102
0102
0102
0102
0102
0102
0102
0102
0102
0102
0102
0102
0102
0102
0102
0102
0102
0102
0102
0102
0102
0102
0102
0102
0102
0102
0102
0102
0102
0102
0102
0102
0102
0102
0102
0129
0137
0137
0137
0588
0129
0129
0129
0129
0137
0129
0137
0102
0129
0129
0129
0129
0129
0102
0137
0129
0137
0102
0129
0129
0129
0129
0129
0102
0129
0129
0102
0129
0102
0129
0129
0129
0129
0137
0363
0102
0102
0102
0102
0102
0102
0102
0102
0102
0588
0129
0129
0129
0102
0102
0102
0102
0102
0102
0102
0102
0102
0102
0102
0129
0129
0129
0129
0137
0137
0129
0137
0137
0137
0137
0137
0137
0137
0137
0129
0129
0137
0129
0137
0129
0137
0129
0137
0129
0129
0137
0129
0129
0129
0137
0137
0588
0137
0315
0371
0588
0129
0129
0129
0137
0129
0129
0129
0129
0499
0102
0129
0129
0129
0137
0129
0137
0129
0129
0129
0129
0129
0129
0129
0129
0129
0129
0129
0129
0129
0129
0129
0129
0129
0129
0505
0129
0129
0129
0101
0101
0137
0102
0102
0102
0102
0102
0102
0102
0102
0102
0102
0102
0102
0102
0102
0371
0499
0374
0653
0653
0653
0129
0499
0499
0102
0129
0129
0137
0129
0137
0129
0129
0129
0129
0129
0102
0102
0102
0129
0129
0129
0129
0129
0129
0102
0129
0129
0129
0129
0129
0129
0129
1613
1271
1532
1271
1695
0726
0726
0726
0726
0615
1354
0102
0102
0371
0371
0371
0101
0101
0137
0653
0371
0499
0102
0102
0102
0102
0102
0102
0102
0102
0102
0102
0102
0102
0102
0653
0653
0653
0653
0137
0653
0653
0653
0653
*
0065
0696
0696
0065
0065
0065
1065
0065
0065
0365
0037
1065
*
0377
0377
0064
*
1613
2401
2401
0696
1326
1326
1326
1326
2118
2060
1815
1815
2060
2060
1799
2128
2128
2060
1695
1287
1165
1165
1276
1276
1276
1276
1276
1276
0836
0696
1065
1065
1276
0742
0742
1065
1165
1165
1165
1165
0922
0742
1584
0742
0584
0742
0742
0742
0742
1317
1828
1828
*
0244
0246
0402
0402
0037
0245
*
0653
0137
0137
0588
0588
0588
0588
0588
0588
0588
0588
0653
0653
0653
0653
0653
0653
0653
0653
0653
0653
0653
0653
0653
0653
0653
0653
0588
0588
0588
0588
0588
0653
0653
0653
0653
0653
0653
0588
0653
0653
0653
0653
0653
0588
0588
0588
0588
0588
0653
0588
0588
0137
0653
0653
0653
0653
0653
0653
0588
0588
0588
0653
1616
0653
0653
0653
0653
0137
0653
0653
0653
0653
0653
0653
0653
0653
0653
0653
0653
0653
0653
0653
0653
0588
0588
0588
0588
0653
0653
0653
0137
0653
0653
0653
0653
0653
0588
0653
0653
0653
0653
0653
0588
0588
0653
0653
0653
0653
0653
0653
0588
0588
0588
0588
0653
0653
0653
0653
0653
0653
0653
0653
0653
0653
0653
0653
0653
0653
0653
0653
0653
0588
0588
0588
0588
0588
0588
0653
0653
0653
0588
0653
0588
0588
0588
0588
0588
0588
0588
0588
0588
0588
0588
0588
0588
0653
0653
0653
0653
0653
0653
0653
0653
0653
0653
0653
0653
0653
0653
0588
0653
0653
0653
0137
0137
0137
0137
0137
0137
0653
0653
0653
0653
0653
0588
0588
0653
0653
0653
0653
0653
0653
0653
0588
0653
0653
0653
0653
0653
0653
0653
0653
0653
0588
0653
0653
0588
0588
0588
0588
0588
0653
0653
0588
0588
0588
0588
0653
0653
0653
0653
0137
0137
0653
0653
0653
0588
0588
0588
0588
0653
0137
0588
1616
0653
0653
0653
0653
0653
0653
0653
0653
0653
0653
0653
0653
0653
0653
0653
0588
0588
0653
0653
0653
0653
0653
0653
0653
0653
0653
0653
0653
0653
0653
0653
0588
0653
0588
0653
0653
0653
0653
0653
0653
0653
0653
0653
0653
0653
0653
0653
0653
0588
0653
0653
0653
0653
0588
0588
0588
0588
0588
0588
0588
0588
0653
0588
0588
0588
0588
0588
0653
0653
0653
0653
0653
0653
0653
0653
0653
0653
0653
0653
0653
0588
0653
0653
0653
0588
0588
0588
0588
0588
0588
0653
0653
0653
0653
0653
0653
0653
0653
0653
0653
0588
0653
0653
0653
0653
0653
0653
0653
0653
0653
0653
0653
0653
0653
0653
0653
0588
0653
0653
0653
0653
0653
0653
0653
0137
0653
0653
0653
0653
0588
0588
0653
0653
0653
0653
0653
0588
0588
0588
0653
0588
0653
0653
0653
0653
0653
0653
0653
0653
0653
0653
0653
0653
0653
0653
0653
0653
0653
0588
0653
0653
0653
0653
0653
0653
0363
0653
0588
0588
0653
0653
0653
0653
0653
0653
0137
0371
0653
0653
0653
0588
0653
0653
0653
0653
0653
0653
0653
0653
0653
0653
0653
0653
0653
0653
0653
0653
0653
0653
0588
0588
0588
0588
0588
0588
0588
0588
0588
0653
0653
0653
0653
0653
0653
0653
0653
0653
0653
0653
0653
0653
0653
0653
0653
0653
0653
0653
0653
0653
0653
0653
0653
0653
0653
0653
0653
0137
0653
0588
0653
0653
0653
0653
0653
0653
0653
0653
0653
0137
0371
0653
0588
0588
0588
0588
0588
0588
0588
0588
0588
0588
0137
0137
0371
0371
0137
0371
0588
0588
0588
0588
0588
0653
0588
0588
0588
0588
0653
0653
0653
0653
0588
0653
0653
0653
0588
0588
0588
0588
0371
0137
0371
0371
0653
0653
0653
0653
0653
0653
0137
0371
0653
0653
0653
0653
0653
0653
0653
0653
0653
0588
0588
0588
0137
0371
0137
0653
0653
0653
0588
0653
0653
0653
0653
0137
0588
0588
0588
0588
0137
0588
0588
0588
0588
0588
0653
0653
0588
0137
0588
0588
0137
0137
0588
0588
0588
0588
0363
0588
0588
0588
0137
0588
0588
0137
0315
0315
0137
0315
0588
0588
0588
0588
0588
0588
0588
0588
0588
0588
0588
0137
0137
0315
0315
0137
0315
0315
0315
0315
0315
0224
0588
0588
0588
0363
0653
0588
0588
0588
0588
0588
0588
0588
0588
0588
0137
0137
0137
0588
0588
0588
0588
0588
0588
0315
0137
0137
0588
0499
0588
0588
0588
0588
0588
0588
0588
0315
0137
0137
0315
0315
0137
0137
0315
0315
0315
0315
0315
0315
0315
0224
0588
0588
0588
0588
0588
0588
0588
0499
0588
0315
0588
0588
0588
0588
0588
0588
0588
0588
0588
0588
0588
0315
0315
0137
0315
0653
0588
0588
0588
0588
0137
0137
0137
0371
0588
0588
0371
0588
0588
0588
0315
0588
0588
0588
0588
0588
0315
0371
0137
0137
0315
0315
0315
0363
0588
0588
0137
0371
0588
0588
0588
0588
0137
0137
0224
0226
0224
0224
0224
0224
0224
0224
0226
0137
0137
0315
0137
0315
0137
0137
0371
0137
0371
0137
0371
0137
0377
0137
0371
0137
0371
0653
0653
0653
0653
0224
0226
0224
0315
0315
0315
0653
0653
0653
0224
0653
0224
0224
0224
0224
0224
0224
0226
0224
0226
0224
0065
0224
0226
0224
0224
0224
0224
0224
0224
0224
0224
0224
0224
0226
0224
0224
0224
0226
0224
0224
0224
0224
0224
0224
0226
0224
0226
0315
0224
0224
0315
0224
0315
0315
0224
0315
0653
0653
0653
0653
0653
0137
0137
0588
0588
0588
0653
0137
0371
0653
0653
0653
0137
0371
0315
0315
0653
0653
0363
0363
0363
0363
0363
0363
0137
0371
0137
0137
0137
0315
0315
0315
0315
0315
0315
0315
0653
0653
0137
0137
0137
0363
0588
0315
0137
0371
0588
0137
0137
0137
0653
0137
0137
0371
0137
0137
0371
0653
0653
0653
0363
0588
0588
0588
0588
0588
0588
0137
0371
0137
0371
0653
0653
0653
0653
0653
0653
0653
0588
0588
0588
0588
0588
0588
0588
0588
0588
0588
0588
0588
0371
0137
0371
0653
0653
0224
0224
0226
0653
0224
0137
0371
0137
0371
0137
0137
0653
0224
0224
0137
0137
0137
0137
0224
0224
0224
0137
0371
0137
0371
0137
0371
0137
0137
0137
0137
0137
0371
0137
0371
0137
0371
0137
0371
0137
0137
0137
0137
0224
0224
0224
0137
0371
0224
0224
0224
0224
0224
0224
0137
0371
0137
0371
0137
0371
0137
0371
0137
0371
0137
0137
0137
0137
0137
0371
0137
0137
0371
0137
0371
0137
0371
0137
0371
0137
0137
0371
0137
0371
0137
0371
0137
0371
0137
0137
0371
0224
0224
0224
0224
0224
0224
0224
0224
0224
0224
0224
0137
0371
0137
0371
0137
0371
0137
0137
0137
0137
0137
0371
0137
0137
0371
0137
0371
0137
0371
0137
0371
0137
0137
0371
0137
0371
0137
0137
0371
0137
0371
0137
0137
0137
0137
0371
0137
0137
0371
0137
0371
0653
0137
0137
0137
0137
0137
0137
0137
0137
0137
0137
0137
0137
0137
0371
0588
0224
0653
0653
0653
0065
0653
0653
0653
0653
0653
0653
0653
0653
*
0218
0220
0218
0218
0218
0218
0218
0218
0218
0218
0218
0218
0218
0218
0220
0220
0218
0266
0218
0266
0218
0218
0220
0220
0218
0218
0220
0220
0220
0218
0220
0220
0220
0220
0220
0220
0266
0101
0220
0218
0220
0218
0218
0220
0218
0218
0218
0218
0266
0101
0266
0218
0266
0220
0218
0218
0218
0218
0218
0218
0218
0266
0101
0218
0266
0101
0064
0101
0266
0101
0218
0218
0218
0218
0218
0218
0218
0101
0101
0266
0101
0101
0101
0266
0101
0266
0266
0101
0101
0266
0218
0218
0218
0218
0218
0218
0218
0218
0218
0101
0101
0266
0101
0101
0101
0266
0101
0101
0101
0218
0218
0218
0218
0266
0101
0101
0101
0266
0065
0363
0065
0527
0527
0527
0527
0527
0527
0102
0266
0266
0064
0220
0387
0300
0300
0065
0100
0065
0065
0065
0065
0065
0063
0065
0063
0063
0540
0063
0563
0563
0563
0063
0065
0581
0389
0581
0065
1533
0563
0137
0371
0218
0218
0218
*
0220
0218
0218
0218
0218
0218
0218
0218
0218
0218
0220
0220
0218
0266
0218
0266
0218
0218
0220
0220
0218
0218
0220
0220
0220
0218
0220
0220
0220
0220
0220
0220
0266
0101
0220
0220
0220
0266
0101
0266
0220
0218
0266
0101
0218
0266
0101
0101
0266
0101
0218
0218
0218
0218
0218
0218
0218
0101
0101
0266
0101
0101
0101
0266
0101
0266
0266
0101
0101
0266
0218
0218
0218
0218
0218
0218
0218
0218
0218
0101
0101
0266
0101
0101
0101
0266
0101
0101
0101
0218
0218
0218
0218
0266
0101
0101
0101
0266
0527
0266
0266
0220
0218
*
1297
1297
1297
1297
*
0536
0536
0063
0536
0536
0536
0581
1684
0063
0581
0064
0063
0245
0063
0063
0063
0063
0037
0536
0063
0063
0063
1684
1684
1684
1684
1684
1684
0536
0536
0536
0536
1536
0746
1680
0063
0473
0581
0530
0581
0063
0063
0063
1684
1684
1536
1317
1317
0063
0063
0063
0536
0063
1536
0063
0063
1684
1552
1536
1536
1536
1536
1536
1536
1536
1536
1536
1536
1536
1536
1536
0245
0064
0063
0063
0064
0063
0063
0271
0037
0063
0063
1684
1684
1684
1684
1684
1684
1684
1684
0536
0536
0536
0536
1536
1680
1680
1680
1684
0063
0063
0536
0063
0063
0063
0063
0063
0063
1536
0063
1536
1536
1536
0063
0581
0581
0063
0063
0063
0063
0063
0746
0746
0746
0746
0746
0746
0746
0746
0746
0063
0063
0473
0063
0063
1552
1536
1536
1536
1536
1536
1536
1536
1536
1536
1536
1536
1536
1536
1536
1536
1536
1684
1684
1684
1684
1536
1536
1536
0063
0581
0530
0536
0063
0536
0063
0536
0536
0063
0536
0536
0064
1536
1536
1536
1552
1536
1536
1536
1536
1536
1536
1536
1536
1536
1536
1536
1536
1536
1536
1552
1552
1684
1552
1536
1536
1536
1536
1536
1536
1536
1536
1684
1684
1684
1684
1684
1684
1684
1536
1536
1536
0063
0536
0536
1536
0063
0581
0536
0581
0581
0536
0536
0536
0536
0536
0530
0536
0063
0536
1065
1065
0536
0536
0536
1536
1536
1536
1536
0536
1536
1536
0536
0063
1684
1536
1536
0646
1536
1184
0530
1684
1536
1536
1536
1536
1684
1552
1536
1536
1536
1536
1536
1536
1536
1536
1536
1536
1536
1536
1536
1536
1536
1536
1536
1536
1536
1536
1536
1536
1536
1536
1536
1552
1536
1536
1536
1536
1552
1552
1552
1536
1684
1536
1536
1552
1536
1552
1536
1536
1536
1536
1536
1536
0536
0536
1536
1536
1536
1552
1536
1536
1536
1536
1536
1536
1536
1536
1536
1536
1536
1536
1536
1536
1536
1536
1536
1536
1536
1536
1536
1536
1536
1536
0536
0536
0536
1536
1536
1536
1536
1536
1536
1536
1536
1536
1536
1536
1536
1536
1536
1536
1536
1536
1536
1536
1536
1536
1536
1536
1536
0063
0536
0581
0536
0063
0536
1684
0536
1536
1536
1536
1536
1536
1536
1536
1536
1536
1552
1536
1536
1536
1536
1536
1536
1536
1536
1536
1536
1552
1552
1552
1684
1536
1552
1536
1536
1536
1536
1536
1536
1536
1536
1536
1536
1536
1536
1536
1536
1536
1536
1536
1536
1536
1536
1536
1536
1536
1536
1536
1536
1536
1536
1536
1536
1536
1536
1536
1536
1536
1536
1536
1536
1536
1536
1536
1536
1536
1536
1536
1536
1536
0536
1552
1552
1536
1536
1536
1536
1536
1536
1536
1536
1536
1536
1536
1536
1552
1536
1552
1536
1536
1536
1536
1536
1536
1536
1536
1536
1536
1184
1536
1552
1552
1536
1684
1732
1684
1552
1536
1552
1552
1536
1536
1536
1536
1536
1536
1536
1536
1536
1536
1536
1536
1536
1536
1536
1536
1536
1536
1536
1684
0678
1536
1536
1536
1536
1536
1536
1536
1536
1536
1536
1536
1536
1536
1536
1536
1536
1536
1536
1536
1536
1536
1293
1552
1552
1552
1536
1536
1536
1536
1536
1536
1536
1536
1184
1536
1552
1536
1536
1536
1552
1536
1536
1552
1536
1536
1536
1536
1536
1536
1536
0536
1552
1732
1536
1536
1536
1552
1552
1184
1552
1552
0536
1536
1536
1536
1536
1536
1536
1536
0536
1536
1552
1536
0271
1552
1536
0536
1536
0064
0064
0064
0064
0117
0271
0117
0117
0064
0064
0064
0064
0271
0064
0064
0117
0064
0271
0064
0271
0064
0117
0117
0117
0117
0063
0064
0271
0271
0117
0098
0117
0117
0064
0271
0064
0064
0117
0117
0117
0098
0117
0117
1684
0088
1684
1684
1684
1684
1684
1684
0088
1184
1584
0063
0063
0063
0271
0271
0063
0063
0063
0063
0063
0530
0271
0271
0271
1684
0223
1684
1536
0536
1536
1536
0063
0063
0063
0063
0063
0063
0063
0581
0581
0581
0063
0581
0581
0581
0581
0581
0581
0581
0581
0581
0581
0530
0530
0581
0581
0581
0530
0530
0581
0271
0581
0530
0530
0530
0530
0530
0581
0530
0530
0581
0530
0581
0530
0530
0063
0536
0536
0271
0530
0581
0063
0063
1184
1184
1184
1184
1684
1184
1184
1184
1184
1684
1684
1684
1684
1684
1684
1684
1684
1684
0063
0271
0271
1973
1192
1973
1973
1973
1973
1973
1973
1973
0063
1192
0117
0098
0117
0098
0764
1192
0269
0764
1192
0269
0269
0269
0860
0269
0269
0860
0860
1684
1963
0536
1536
1684
1684
0536
0536
0063
1963
1963
1963
2188
2188
2188
0137
1536
*
2010
1798
*
0205
0205
0205
0374
0205
0271
0584
*
1899
*
0220
*
1877
1877
2134
2134
2193
2135
2135
2135
2135
2135
2135
2135
2135
2135
2135
2135
2135
2135
2135
2135
2135
2135
2135
1773
1541
1541
1877
1877
1877
1877
2196
2196
1877
1877
1877
1877
2134
2134
2134
2134
2134
2134
2134
1877
1877
1877
1877
1877
1877
1877
2090
2090
2087
2087
2196
2196
2087
2196
1803
1642
1803
1642
1803
1642
1642
1803
1803
1803
1803
1634
2193
2134
2134
1803
2134
2134
2134
2134
2134
2134
2134
2134
2134
2134
2134
2089
2134
2134
2134
2134
2134
2134
2134
2134
2134
2134
2134
2134
2134
2134
2134
2134
2134
2134
2134
2134
2134
2134
2134
2134
2134
2134
2134
2134
2134
2134
2134
*
0065
2010
2505
2505
1551
1798
1798
1798
1798
2169
2505
2505
0742
1191
1944
2010
2010
2011
0615
1065
1065
1798
0742
0742
0742
0742
0584
1680
0742
1065
0065
0743
0743
0743
*
0065
0742
*
1404
1404
1404
0908
1694
1694
1694
1694
1404
1404
2059
1245
1694
1245
1404
1295
1694
1295
1295
0908
*
1755
1755
2075
1573
1755
1573
1893
1893
1755
2075
1755
1755
1573
1573
1573
1573
1573
1573
1573
*
2071
2071
1191
1613
1613
1065
1065
1065
1191
0065
0696
1613
1695
1065
1065
0245
0065
0245
0065
1065
0065
1191
*
0300
*
2192
0536
0536
2574
2574
2574
2574
2576
2576
2576
2576
2574
2576
2574
2576
2574
2576
2574
2576
*
0904
0904
0904
0904
0904
*
1773
1539
1539
1616
1804
2042
1541
1541
1770
1770
2137
2137
2139
2139
1804
1570
1655
2139
1570
1655
1570
1570
1655
1570
1804
1570
0805
0805
1783
2137
1570
1773
1616
2139
2139
2139
1570
2042
*
0065
0245
0292
0502
0516
*
2170
2170
2170
2170
1391
*
2134
2134
2134
2134
*
1784
1784
*
2307
2307
2307
1177
1177
1695
1695
1695
1695
1695
1695
1695
1695
1177
1177
*
0446
1065
0446
0696
0065
0065
1065
0065
0065
0446
0446
0245
0245
0446
0137
0137
0065
0471
0245
0459
0384
0459
*
0607
0037
0037
0246
0065
0065
1065
0037
0696
0696
1065
0065
0037
0065
0607
1065
1065
1065
1065
1065
0065
0742
0547
1465
1065
1065
1465
1404
1404
1540
1540
1540
*
1680
1680
0742
*
1310
0918
0917
*
1584
0584
1695
0065
1265
1352
2083
2162
2011
2011
2162
2011
2011
2011
2011
2240
1695
1695
1695
1695
1695
2241
2241
2241
2240
2240
2240
2240
2240
2011
2011
2011
2011
2011
1352
1352
1352
1352
0065
0547
1641
1641
1641
2016
*
0584
*
1634
1634
1326
1634
0905
0908
0905
0908
1760
0918
0918
1317
0918
1245
0893
2029
1326
1326
*
0662
*
1271
1271
1245
1224
1535
1245
1224
1535
1535
1817
1817
1817
*
0866
0867
0861
0867
0678
0825
1604
0825
1604
0825
0867
*
1641
*
0391
0391
0391
0391
0391
0391
0391
0391
0391
0391
0391
0391
0391
0391
0391
*
0045
0045
0045
0045
0045
0045
0045
0045
0045
0045
0045
0045
0045
0045
0045
1293
0045
0206
0206
1333
0206
0045
0045
0045
0045
0045
0045
1887
1887
1887
1887
1887
1887
0206
0206
0206
0206
0206
0206
0045
0045
0045
0045
0045
0045
0045
0045
0045
0045
0045
0045
0045
0045
0045
0045
0045
0045
0045
0045
0045
0045
0045
0045
0045
0045
0045
0045
0045
0045
0045
0045
0045
0045
0045
0045
0045
0045
0206
1393
0045
0045
1451
1451
1393
1451
1451
0045
0045
0045
1451
1451
0045
1451
1451
1451
1887
1887
1887
1887
1887
1887
1451
1451
1451
1451
1887
1887
1887
1887
1887
1887
