!POPULATE
*
0065
0065
0065
1970
0634
0065
2010
2010
1752
*
1732
1732
1732
1732
1732
1732
1732
1732
1732
0273
0904
0904
0904
0198
0198
0198
0198
0037
0273
0198
0198
0527
0198
0198
0198
0198
0198
0681
0198
0198
0198
0198
0198
0198
0198
0198
0198
0198
0198
0198
0198
0198
0037
0198
0198
0198
0681
0198
1298
0198
0198
0681
0198
1298
0681
1298
0198
0198
0198
0198
0198
0198
1398
0198
0198
0198
0198
0198
0198
0198
0198
0198
0198
0198
0198
0198
0198
0198
1298
0681
1298
0910
0910
0273
1163
1163
0799
0273
0273
0198
0198
0064
0198
0064
0064
0064
0064
0064
0037
0037
0402
0402
0402
0245
0198
0198
0198
0198
0198
0198
0037
1298
0198
0402
0402
0198
0198
0198
0198
0245
1298
0198
0198
0198
0198
0198
0198
0689
0198
0198
0198
0198
0732
1732
1732
1732
1732
1732
1732
1732
1732
1732
1732
1732
1732
0198
1732
1732
1732
1732
1732
1732
1732
1732
0198
0198
0198
0198
0198
0198
0198
0198
0198
0273
1732
0681
0198
0198
0198
0039
0039
0198
0039
0039
0039
0039
0039
0039
0039
0039
0039
0198
0198
0198
0198
0198
0198
0198
0198
0198
0198
0273
0273
0273
0273
0273
0273
0273
0273
0273
0273
0273
0273
0245
*
0065
0065
0065
0065
0065
0065
0065
0065
0065
0365
0459
0065
0065
0065
0065
0065
0065
0065
0065
0365
0065
0065
0065
0065
0065
0065
0365
0365
0365
0365
0365
0365
0365
0065
0365
0365
0365
0365
0365
0365
0399
0065
0065
0065
0065
0065
0065
0065
0065
0065
0365
*
2274
2274
2274
2274
1760
1295
*
1366
1412
1992
1992
2022
1412
1992
1992
2022
1412
0893
1404
0893
1412
1992
0893
1412
0904
0893
0893
0893
1219
0893
1234
0893
0893
0893
0893
*
0100
0065
0065
0246
0064
0063
0063
0063
0100
0100
0245
0292
0246
0065
0065
0244
0065
0037
0037
0065
0065
0100
0100
0065
0065
0065
0365
0365
0065
*
0207
0379
0574
0634
0501
0508
0508
0508
0576
0501
0576
0508
0508
0508
0508
0576
0377
0508
0508
0576
0576
0508
0508
0508
0508
0508
0508
0508
0576
0576
0508
0508
0508
0508
0508
0508
0508
0389
0389
0389
0389
0389
0389
0389
0389
0389
0389
0389
0389
0389
0389
0389
0389
0389
0389
0389
0389
0389
0389
0389
0389
0389
0389
0389
0389
0389
0389
0389
0389
0389
0389
0389
0389
0389
0389
0389
0389
0389
0389
0389
0389
0389
0389
0389
0389
0389
0389
0574
0574
0389
0389
0389
0389
0389
0389
0389
0389
0389
0389
0389
0389
0389
0389
0389
0389
0389
0389
0389
0389
0389
0389
0576
0389
0389
0389
0374
0389
0389
0576
0389
0574
0367
0236
0501
0508
0508
0634
0402
0236
0389
0389
0236
0501
0501
0508
0634
0236
0508
0576
0576
0576
0576
0634
0634
0634
0508
0389
0389
0576
0576
0576
0501
0501
0501
0501
0576
0501
0508
0508
0508
0576
0501
0508
0508
0389
0389
0576
0576
0508
0508
0508
0508
0508
0389
0389
0576
0508
0508
0508
0508
0508
0508
0508
0508
0508
0389
0576
0389
0389
0389
0191
0389
0576
0389
0576
0389
0576
0389
0576
0389
0576
0389
0576
0389
0576
0389
0576
0389
0576
0576
0576
0389
0576
0191
0191
0191
0191
0389
0576
0389
0576
0191
0389
0576
0389
0576
0389
0576
0389
0389
0389
0389
0389
0389
0389
0389
0389
0389
0574
0191
0191
0191
0191
0389
0574
0574
0574
0508
0501
0389
0576
0389
0576
0191
0576
0389
0576
0389
0576
0191
0191
0191
0389
0576
0389
0576
0191
0389
0576
0576
0389
0576
0389
0389
0389
0389
0389
0389
0389
0389
0389
0389
0389
0389
0389
0576
0191
0191
0191
0379
0389
0389
0389
0389
0389
0389
0389
0389
0389
0389
0389
0389
0574
0389
0389
0576
0389
0576
0389
0576
0389
0389
0576
0389
0389
0389
0389
0576
0389
0576
0508
0508
0389
0387
0387
0387
0389
0576
0576
0576
0576
0576
0576
0576
0576
0576
0576
0576
0576
0576
0576
0576
0576
0576
0576
0576
0576
0576
0576
0576
0576
0576
0576
0576
0574
0576
0576
0576
0576
0576
0576
0576
0576
0576
0576
0576
0576
0576
0576
0576
0576
0576
0576
0576
0576
0576
0576
0576
0576
0576
0576
0576
0576
0576
0576
0576
0389
0389
0389
0389
0389
0389
0389
0389
0389
0389
0389
0389
0389
0389
0389
0389
0389
0389
0389
0389
0389
0389
0389
0389
0389
0389
0389
0574
0389
0389
0389
0389
0389
0389
0389
0389
0389
0389
0389
0389
0389
0389
0389
0389
0389
0389
0389
0389
0389
0389
0389
0389
0389
0389
0389
0389
0389
0389
0389
0389
0389
0576
0389
0576
0576
0389
0576
0389
0576
0389
0576
0576
0389
0576
0389
0576
0389
0576
0389
0576
0389
0576
0389
0576
0389
0576
0389
0576
0389
0576
0389
0576
0389
0576
0389
0576
0574
0508
0389
0576
0389
0576
0508
0508
0508
0574
0389
0574
0389
0389
0576
0501
0389
0576
0389
0389
0576
0389
0508
0508
0508
0508
0508
0389
0576
0508
0389
0389
0576
0389
0576
0191
0389
0576
0389
0576
0191
0389
0576
0508
0389
0191
0389
0191
0191
0389
0389
0389
0389
0389
0389
0389
0389
0389
0389
0389
0191
0191
0191
0389
0389
0389
0389
0389
0389
0389
0191
0191
0389
0389
0389
0389
0389
0389
0389
0389
0389
0191
0389
0389
0389
0574
0389
0389
0389
0574
0191
0389
0389
0191
0389
0191
0191
0389
0389
0574
0389
0389
0389
0367
0389
0389
0389
0389
0389
0389
0389
0389
0389
0191
0389
0389
0191
0191
0389
0389
0574
0389
0191
0389
0389
0389
0389
0389
0389
0377
0389
0389
0389
0389
0389
0389
0389
0389
0389
0389
0389
0389
0389
0191
0389
0389
0574
0389
0389
0389
0389
0389
0191
0389
0389
0389
0389
0389
0389
0191
0389
0389
0389
0576
0191
0576
0576
0191
0576
0191
0576
0576
0576
0576
0576
0576
0576
0576
0576
0576
0576
0191
0191
0191
0576
0576
0576
0576
0576
0576
0576
0191
0191
0576
0576
0576
0576
0576
0576
0576
0576
0576
0576
0576
0191
0576
0576
0576
0574
0576
0576
0576
0576
0574
0576
0576
0191
0576
0576
0191
0576
0576
0191
0191
0576
0576
0574
0576
0576
0576
0576
0576
0576
0576
0576
0576
0576
0576
0576
0576
0576
0576
0576
0576
0576
0191
0576
0576
0191
0191
0576
0576
0574
0576
0191
0576
0576
0576
0576
0576
0576
0377
0576
0576
0576
0389
0576
0576
0576
0576
0576
0576
0576
0576
0576
0576
0576
0191
0576
0576
0574
0576
0576
0576
0576
0576
0191
0576
0576
0576
0576
0576
0576
0191
0576
0576
0576
0576
0389
0389
0576
0389
0576
0389
0576
0389
0576
0576
0389
0576
0389
0389
0576
0576
0389
0574
0576
0389
0389
0576
0191
0191
0191
0389
0576
0389
0576
0389
0576
0191
0389
0576
0389
0576
0389
0576
0389
0576
0389
0576
0389
0576
0574
0574
0389
0576
0889
0574
0389
0576
0389
0576
0389
0576
0191
0389
0576
0389
0389
0191
0508
0508
0576
0508
0508
0501
0508
0508
0501
0574
0389
0576
0389
0576
0389
0576
0389
0576
0389
0576
0389
0576
0389
0576
0389
0576
0389
0576
0389
0576
0389
0576
0659
0659
0389
0576
0389
0576
0389
0576
0389
0576
0574
0389
0576
0389
0576
0576
0389
0576
0389
0576
0389
0576
0389
0576
0574
0576
0389
0576
0576
0389
0576
0389
0576
0389
0576
0576
0576
0389
0576
0389
0576
0389
0576
0389
0576
0389
0576
0389
0576
0389
0576
0389
0576
0389
0576
0574
0389
0576
0574
0576
0389
0389
0576
0574
0574
0389
0576
0389
0576
0389
0576
0191
0576
0191
0389
0576
0191
0191
0576
0389
0576
0389
0389
0576
0576
0508
0508
0508
0508
0389
0576
0389
0576
0389
0576
0389
0576
0191
0389
0576
0389
0576
0576
0389
0576
0574
0574
0574
0389
0576
0574
0389
0576
0389
0576
0574
0389
0576
0389
0576
0389
0576
0389
0576
0389
0576
0574
0574
0574
0389
0576
0574
0389
0576
0574
0389
0576
0389
0576
0389
0576
0389
0576
0389
0576
0389
0576
0508
0501
0574
0574
0389
0576
0374
0389
0576
0389
0576
0508
0389
0576
0389
0576
0389
0508
0574
0389
0389
0574
0576
0389
0576
0389
0576
0389
0576
0191
0389
0576
0508
0389
0576
0389
0576
0389
0576
0389
0576
0389
0576
0389
0576
0574
0389
0576
0389
0576
0389
0576
0508
0508
0576
0508
0508
0508
0508
0508
0501
0508
0508
0389
0389
0389
0389
0389
0389
0508
0501
0508
0389
0389
0508
0508
0389
0576
0389
0576
0191
0389
0576
0389
0576
0389
0576
0389
0576
0389
0576
0389
0576
0389
0576
0389
0576
0389
0576
0574
0191
0389
0576
0389
0576
0191
0389
0576
0389
0576
0389
0576
0389
0576
0191
0389
0576
0389
0576
0191
0389
0576
0389
0576
0389
0576
0389
0576
0389
0576
0389
0576
0389
0576
0389
0576
0389
0576
0574
0389
0576
0389
0576
0389
0576
0389
0576
0389
0576
0389
0576
0389
0576
0574
0191
0389
0576
0389
0576
0389
0576
0191
0191
0191
0389
0576
0389
0576
0389
0576
0389
0576
0389
0576
0389
0576
0389
0576
0389
0576
0389
0576
0389
0576
0389
0576
0389
0576
0389
0576
0389
0576
0389
0576
0191
0389
0576
0389
0576
0191
0389
0576
0389
0576
0389
0576
0389
0576
0389
0576
0389
0576
0389
0576
0389
0576
0389
0576
0389
0576
0389
0576
0389
0576
0389
0576
0389
0576
0191
0574
0389
0576
0389
0576
0389
0576
0389
0576
0389
0576
0389
0576
0389
0576
0389
0576
0389
0576
0574
0389
0576
0389
0576
0389
0576
0389
0576
0389
0576
0191
0389
0576
0389
0576
0389
0576
0191
0389
0576
0389
0576
0389
0576
0389
0576
0389
0576
0389
0576
0389
0576
0191
0389
0576
0389
0576
0389
0576
0389
0576
0576
0576
0389
0576
0576
0389
0389
0576
0389
0576
0374
0508
0389
0389
0389
0389
0576
0389
0389
0389
0389
0389
0508
0389
0389
0389
0389
0389
0389
0389
0389
0389
0389
0508
0191
0389
0576
0389
0576
0191
0191
0389
0576
0389
0576
0389
0576
0389
0576
0389
0576
0389
0576
0389
0576
0389
0576
0389
0576
0191
0389
0576
0576
0389
0576
0389
0576
0389
0576
0389
0576
0389
0576
0389
0576
0576
0389
0576
0389
0576
0191
0389
0576
0389
0576
0389
0576
0191
0191
0576
0389
0576
0389
0389
0576
0191
0576
0389
0389
0576
0389
0576
*
0137
0224
0226
0224
0226
0224
0226
0224
0226
0224
0226
0224
0224
0226
0224
0137
0137
0137
0137
0137
0137
0137
0137
0224
0224
0224
0224
0224
0224
0224
0224
0224
0224
0224
0224
0137
0137
0137
0137
0137
0137
0137
0137
0137
0137
0137
0137
0137
0137
0137
0137
0137
0137
0224
0224
0137
0137
0137
0137
0137
0137
0137
0137
0137
0137
0137
0137
0137
0137
0137
0137
0137
0224
0224
0224
0224
0224
0224
0224
0224
0224
0224
0224
0224
0224
0224
0224
0224
0224
0224
0224
0224
0224
0224
0224
0224
0224
0224
0224
0224
0226
0137
0137
0137
0137
0371
0137
0371
0137
0371
0065
0137
0137
0137
0137
0137
0137
0137
0137
0137
0137
0137
0137
0137
0137
0137
0137
0137
0137
0137
0137
0137
0224
0137
0224
0224
0224
0224
0224
0224
0224
0224
0224
0224
0224
0224
0137
0137
0137
0137
0137
0137
0137
0137
0137
0137
0137
0137
0137
0137
0137
0137
0137
0137
0137
0224
0224
0224
0224
0224
0137
0315
0371
0371
0371
0137
0137
0137
0137
0137
0137
0137
0137
0137
0137
0137
0588
0137
0137
0137
0137
0137
0137
0137
0137
0137
0137
0137
0137
0137
0137
0137
0137
0137
0137
0137
0137
0137
0137
0137
0137
0137
0137
0137
0137
0137
0137
0137
0137
0137
0137
0137
0137
0137
0137
0137
0137
0137
0137
0137
0137
0137
0137
0137
0137
0588
0137
0137
0137
0137
0137
0137
0137
0137
0137
0137
0137
0137
0137
0137
0137
0137
0137
0137
0137
0137
0137
0137
0137
0137
0137
0137
0137
0137
0137
0137
0137
0137
0137
0137
0137
0137
0137
0137
0137
0137
0137
0137
0137
0371
0137
0137
0137
0137
0137
0137
0137
0137
0137
0137
0137
0137
0137
0137
0137
0137
0137
0137
0137
0137
0371
0137
0371
0137
0371
0588
0371
0371
0371
0371
0137
0137
0137
0137
0371
0137
0137
2576
2576
2576
2576
2576
2576
2157
2576
2576
2576
2574
2574
2574
2574
1441
1441
2576
2576
1441
1441
2576
2576
2574
2574
2574
2574
1821
1695
2029
2029
2029
1613
1613
1336
2035
1191
1317
0742
1317
0137
0137
0137
0137
0137
0137
0137
0137
0137
0137
0137
0137
0137
0137
0137
0137
0137
0137
0137
0137
0137
0137
0137
0137
0137
0137
0137
0137
0137
0137
0224
0588
0137
0137
0137
0137
0223
0137
0137
0137
0137
0137
0137
0137
0137
0137
0137
0137
0137
0137
0137
0137
0137
0137
0137
0137
0137
0137
0137
0137
0137
0137
0137
0137
0137
0137
0137
0137
0137
0224
0224
0224
0224
0224
0224
0224
0224
0137
0224
0224
0224
0137
0137
0137
0137
0137
0137
0137
0371
0137
0137
0137
0137
0137
0137
0137
0137
0137
0224
0224
0137
0137
0137
0137
0137
0137
0137
0137
0137
0137
0137
0137
0137
0137
0137
0137
0137
0137
0224
0224
0224
0224
0224
0224
0224
0224
0224
0224
0224
0224
0224
0224
0224
0224
0224
0224
0224
0224
0224
0224
0224
0224
0224
0224
0224
0137
0137
0137
0137
0137
0137
0137
0137
0137
0137
0137
0137
0137
0588
0137
0137
0137
0137
0137
0223
0137
0137
0137
0137
0137
0137
0137
0137
0137
0137
0137
0137
0137
0137
0137
0137
0137
0137
0137
0137
0137
0137
0137
0137
0137
0137
0588
0224
0224
0224
0224
0224
0137
0137
0137
0137
0137
0137
0137
0137
0137
0137
0137
0137
0137
0137
0137
0137
0137
0137
0137
0137
0137
0137
0137
0137
0137
0224
0137
0137
0137
0137
0137
0137
0137
0137
0137
0137
0137
0137
0137
0137
0137
0137
0137
0137
0137
0137
0137
0137
0137
0137
0137
0137
0137
0137
0137
0588
0224
0224
0224
0224
0224
0137
0137
0137
0137
0137
0137
0137
0137
0137
0137
0137
0137
0137
0137
0137
0137
0137
0137
0137
0137
0137
0137
0137
0137
0224
0137
0137
0137
0137
0137
0137
0137
0137
0137
0137
0137
0137
0137
0137
0137
0137
0137
0137
0137
0137
0137
0137
0137
0137
0137
0137
0137
0137
0137
0137
0137
0137
0137
0224
0226
0224
0226
0224
*
0576
0236
0391
0576
0576
0501
0191
0191
0191
0191
0191
0191
0191
0191
0191
0191
0191
0191
0191
0191
0191
0191
0191
0191
0191
0191
0191
0191
0191
0191
0191
0191
0191
0191
0191
0191
0191
0191
0191
0191
0191
0191
0191
0191
0389
0191
0191
0191
0191
0191
0389
0191
0191
0191
0191
0191
0389
0191
0191
0389
0191
0191
0191
0191
0191
0191
0389
0191
0389
0191
0389
0389
0191
0389
0389
0191
0191
0389
0389
0389
0191
0191
0191
0191
0191
0389
0389
0576
0389
0191
0191
0191
0191
0191
0191
0389
0191
0389
0191
0389
0191
0389
0576
0389
0389
0191
0191
0191
0191
0191
0389
0191
0389
0191
0191
0389
0389
0389
0389
0191
0389
0191
0191
0191
0191
0191
0191
0191
0191
0191
0191
0576
0191
0191
0236
0389
0389
0191
0191
0389
0191
0191
0191
0191
0191
0191
0191
0191
*
0742
*
2153
1737
2153
2057
2083
2194
2194
2307
2161
2270
1695
2057
2158
2140
2140
2140
2140
1798
1737
2273
*
0461
0246
0399
0246
0246
0461
0461
0461
0461
0399
0246
0609
0399
0609
0246
0246
0630
0246
0246
0399
0399
0461
*
1798
1737
*
0263
0584
0065
0559
0471
0471
1944
0471
1944
0322
0322
0322
0263
0322
0322
0239
0239
0263
0471
0471
0471
0471
0383
0383
0383
0322
0471
0471
0471
0322
1982
0322
0322
0683
0471
0205
0471
0383
1944
0471
0471
0263
0263
0205
0292
0440
0263
0471
0205
0039
0471
0471
0471
0263
0263
0471
0471
0471
0471
0263
0065
0471
0471
0263
0683
0683
0683
0349
0683
0471
0471
0471
0502
0322
0263
0322
0584
0584
0471
0322
0383
0065
0263
0440
0263
0263
0263
0349
0349
0263
0263
0349
0383
0065
0349
0349
0065
0322
0263
0683
1065
0383
1936
0263
0502
0471
0383
0322
0383
0383
0263
0263
0322
0263
0263
0263
0263
0322
0065
0584
0502
0263
0263
0383
0263
0263
0322
0263
0471
0263
0263
0383
0263
0322
0263
0383
0383
0263
0505
0322
0322
0263
0383
0263
0471
0502
0349
0349
0263
0349
0349
0322
1944
0392
1936
0392
0205
0544
0683
1982
0205
0683
0572
0572
0572
0322
0908
0908
0908
2029
2059
0742
0742
0742
2060
0683
0205
0544
0205
0544
0322
0322
0039
0263
0392
0292
0065
0471
0065
0065
0683
0683
0065
0683
0065
0471
0471
2035
2035
0471
0471
2033
2033
2028
2033
2035
2035
0742
0742
0742
2035
0471
2035
2035
2035
0742
2033
2033
2033
2033
2028
2033
0471
2035
2136
2136
2033
2033
2136
2033
2033
2033
0683
0683
0683
0065
0683
0471
2035
2035
2035
2035
2035
0471
2136
2035
2035
2035
1224
2033
2033
2033
2033
2033
2033
2136
2033
2033
0471
2035
0471
2035
2035
2136
2035
2035
0584
0584
0471
2035
2035
2035
2035
2033
2136
2033
0584
0065
0471
0584
0742
2035
2035
0263
2035
0471
2035
2035
0584
0584
2035
2035
0065
0065
2035
0742
0065
0065
2033
0065
0683
2136
0065
0322
0322
2028
0471
0383
1944
*
0383
0239
0065
0065
0292
0304
0521
0616
0245
0285
0297
0100
0100
0246
0440
0300
0584
0292
0440
0402
0304
0521
0245
0502
0440
*
0064
0100
0185
0502
0100
0246
0246
0065
