!POPULATE
*
2029
0836
*
0726
0726
0726
1588
1643
1588
2162
2162
2162
2162
2162
2162
2162
2162
2162
2162
2162
2162
2162
1643
1643
1643
1643
2240
2240
1588
1643
1588
1588
1643
1588
1643
1643
1588
1643
1588
1643
2240
2240
1588
1588
1643
1643
1643
1643
1643
1643
2240
2240
1588
1588
1643
1643
1643
1643
1588
1588
2011
1643
1643
1643
*
2247
1379
1379
1379
1379
1379
1379
1379
1379
1376
1376
1376
1376
1376
1376
1376
1376
1376
1376
1376
1376
1376
1376
1376
1376
1376
1376
1376
1379
1379
1379
1379
1379
1379
1379
1379
1379
1379
1379
1379
1379
1379
1379
1379
1376
1804
1641
1804
2245
2246
1773
2245
2246
1379
1379
1376
1379
1379
1376
1376
1376
1376
1376
1376
1376
1376
1376
1376
1376
1376
1641
1804
1804
1641
1804
2055
1376
*
1366
1366
1494
1493
0544
2160
1493
2412
2159
2159
2160
0266
0857
2159
1494
0857
2160
1494
0857
0893
0893
2159
2160
2160
2412
2412
0037
0065
2159
2160
2434
*
1224
1224
1224
1224
1224
1297
1224
1224
*
0285
0285
0515
0037
0440
0065
*
0502
0246
2011
0246
*
0065
0064
0207
0064
0037
0246
0292
0065
0311
0065
0311
0311
0246
0246
0246
0246
0246
0322
0239
0383
0263
0246
0246
0065
0065
0263
0037
0064
0207
0392
0392
0207
*
1391
1391
2126
0037
0037
2126
1342
2126
2429
2429
2429
2126
2429
1342
2429
2429
2126
2429
2429
1391
1391
1391
2126
2126
2429
2429
1391
1391
1391
1391
1767
2126
2126
2429
2126
2429
2126
2429
2126
2427
2065
2065
2065
2065
2065
2065
2065
2065
2065
2065
2065
2065
2065
2065
2065
2427
2065
2065
2065
2065
2065
2065
2065
2427
2428
2428
2427
2428
2428
2427
2427
2065
2065
2065
2065
2065
2427
2065
2065
2065
2427
2427
1391
1391
1391
2065
2065
2065
0236
0584
0037
0037
0584
0536
0536
0536
0236
0536
1342
1342
2126
2126
2126
2126
2126
2126
2126
2126
2126
2126
2126
2126
2126
2126
2126
2126
2126
2126
2126
*
0245
0245
0245
0255
0071
0071
0123
0071
0253
0137
0384
0253
0253
0391
0591
0591
1177
1695
1695
1191
2155
0253
0905
1177
2242
2242
2242
2033
1695
1191
0253
0591
0253
0071
0222
0222
0222
1177
2242
2242
2242
2033
2028
0591
0509
0606
0606
2242
2242
2242
2242
2033
1191
1882
1882
1882
0509
0758
0758
1613
1613
1604
2242
2242
2242
1191
1512
1800
1800
1800
1800
1800
1800
1800
1800
1613
1882
1512
1512
1512
1800
0758
1509
1604
1509
0509
0758
0747
0747
0747
1800
1800
1800
1800
1800
1613
1613
1882
1800
1604
1509
1604
0825
1604
1604
1509
1604
1512
1800
1800
1512
1512
1800
1800
1882
1882
1882
0825
0825
0825
0825
0825
0825
1604
0747
0604
0604
0604
0604
0604
0604
0604
0604
0604
0604
0747
0604
0604
0604
0604
0377
0377
0377
0377
0245
0245
0245
0245
0384
1073
1073
0591
0591
0253
0501
0527
0527
0497
1073
1073
1073
1073
1073
1073
0065
0065
0657
0657
0657
0657
0662
0662
1065
0657
0657
1065
0591
0591
0509
0377
0591
1073
1073
0497
0253
0391
0391
0527
1073
1073
1073
1073
0497
0497
1073
1073
0591
0591
0591
0591
0591
1073
0657
0772
0772
0772
0501
0772
0772
0772
0772
0772
1065
0606
0100
0100
0469
0606
1065
1065
0191
0384
0191
0384
0072
0377
0384
0384
0384
0377
0384
0191
0469
0544
0100
0100
0384
0071
0071
0071
0071
0071
0544
0544
0606
0253
0100
0100
0591
0253
0497
1073
0384
0384
0384
0384
0591
0377
0606
0509
0509
0384
0384
1253
0253
0509
0606
0606
0253
1253
0253
0657
0657
0657
0657
0657
0657
0657
0657
0072
0657
0657
0384
0384
0384
0384
0377
0377
0072
0072
0377
0377
0377
0384
0072
0253
0384
0377
0377
0377
0384
0384
0509
0509
0772
0772
0772
1065
1065
0606
0509
0509
0384
0384
0576
0253
0253
0606
0509
0253
0606
0377
0377
0377
0072
0072
0072
0377
0377
0377
0072
0377
0377
0377
0377
0509
0747
0747
0509
0509
0509
0509
0509
0509
0772
0772
0772
0509
0509
0509
0509
0509
0509
0509
0747
0747
0758
0758
0772
0772
0772
0509
0509
0253
0657
0657
0657
0657
0657
0657
0657
0657
0657
0657
0606
0657
0657
0657
0657
0657
1604
1604
0747
0747
1065
0509
0509
0509
0509
0509
0509
0509
0509
0747
0747
0772
0772
0747
0747
0747
0747
0747
0747
0072
0747
0747
0747
0604
0604
0747
0747
0747
0747
0747
0384
0509
0191
0191
0497
0527
1065
0497
1065
0527
0497
0772
1065
0606
0191
0384
1065
1065
0497
0377
0384
0384
1253
1065
0606
0606
0377
0662
0662
0662
0384
0384
0253
0509
0606
1253
0747
0747
0772
0509
0758
0758
0772
0747
0758
1509
0747
1065
0758
0758
0747
0747
0747
0758
0758
0747
0747
1882
0064
0064
0255
0072
0253
0072
0253
0253
0591
0497
0253
1882
0604
0509
0509
0509
0509
0606
1604
1604
2235
2235
2235
2235
0825
0825
0825
0707
0707
0072
0255
0123
0604
0255
0255
0604
0604
0604
0606
0137
0224
0226
0137
0527
0527
1073
0065
1065
0527
0527
1065
0527
0527
0772
0772
0772
1065
0606
0606
0501
0606
0253
0606
1065
0606
0606
1253
1253
1165
0508
0747
0509
0604
0747
0765
0805
0805
0805
0255
0191
0245
0191
0245
0071
0071
0191
0071
0191
0245
0191
0071
0123
0123
0191
0384
0384
0384
0384
0071
0071
0245
0191
0384
0245
0191
0071
0071
0071
0071
0071
0222
0071
0071
0384
0384
0064
0222
0071
0071
0071
0123
0245
0253
0253
0253
0072
0469
0377
0377
0604
0072
0604
0377
0377
0377
0072
0253
0255
0253
0137
0377
0191
0377
0191
0384
0384
0191
0191
0071
0255
0071
0071
0071
0071
0071
0071
0071
0222
0071
0071
0377
0377
0191
0377
0377
0071
0071
0071
0224
0224
0226
0224
0072
0255
0253
0137
0377
0253
0191
0253
0072
0072
0377
0377
0377
0377
0377
0377
0377
0072
0377
0377
0384
0384
0191
0377
0137
0191
0384
0071
0071
0071
0222
0222
0222
0377
0377
0137
0377
0137
0377
0377
0377
0191
0377
0377
0377
0377
0377
0224
0123
0224
0224
0224
0377
0377
0377
0377
0377
0253
0191
0072
0072
0377
0377
0072
0377
0377
0377
0377
0377
0137
0371
0377
0191
0377
0604
0123
0191
0765
0805
0805
0805
0805
0576
0072
0576
0377
0384
0384
0384
0384
0384
0384
0391
0222
0222
0222
0384
0377
0377
0377
0377
0222
0222
0222
0222
0222
0222
0071
0377
0377
0377
0222
0222
0222
0222
0377
0576
0377
0384
0064
0123
0377
1065
1065
1065
0758
0758
0136
0384
0747
0747
0747
1222
0377
1695
1695
1695
1695
2307
2307
2235
1719
2235
2235
1613
1613
1695
2235
2235
2235
2235
1719
2235
2235
2235
2235
2235
2235
2235
1613
1695
2235
1719
1613
2235
2235
2235
2235
2235
2235
2235
2235
2235
2235
2235
2235
2235
2235
2235
2235
1719
1613
1613
1695
2235
2235
2235
2235
1695
1882
1719
2235
2235
0255
0255
1719
1882
1719
2102
2102
2235
2235
2235
2235
1882
1719
2235
2235
2235
2235
2235
2235
2235
2235
1882
1882
2235
2235
2235
2235
1604
1604
1604
1604
0912
1222
0912
0912
0662
0253
0384
1073
0501
0136
0065
1882
1882
1882
1719
1719
1882
1882
1882
1882
1719
1719
1882
1882
1882
1882
1719
1719
1719
1719
0747
0255
0747
0747
0191
0747
0255
0255
0255
0255
1719
1719
1719
1719
1719
1719
1719
1719
1719
1719
1719
1719
0772
0772
0527
0606
0509
*
0136
0136
0136
0136
0136
0136
0136
0136
0136
0136
0136
*
1567
1567
1323
1323
1567
1567
1323
1567
1567
1567
1849
1849
1849
1563
1563
1323
1323
1323
1323
1567
1567
1567
1567
1567
1323
1323
1323
1567
1323
1323
1323
1567
1567
*
2312
1634
2488
1354
1354
1748
1591
0806
0904
0904
0904
1659
1634
1404
1551
0893
1272
1722
1722
1634
1659
1640
1626
1640
1309
1309
1309
1496
1496
1496
1559
0916
1559
2169
1798
1065
0893
0893
0916
0726
0726
1584
0893
1322
1322
0831
1180
1560
1560
1560
1560
1560
1560
1560
*
0918
0905
1245
2187
0918
*
0787
0769
0764
0764
0764
0780
0780
0809
0809
1192
1192
1192
1192
1192
1192
0809
1234
*
1065
0544
0310
1191
1613
1191
0245
0245
0544
0544
1191
0037
0318
0245
0318
0318
0100
0100
0275
*
0207
0379
0574
0508
0389
0508
0508
0576
0508
0576
0508
0508
0508
0389
0389
0389
0389
0389
0576
0574
0367
0508
0508
0311
0389
0389
0236
0501
0508
0236
0389
0501
0501
0501
0389
0508
0389
0576
0191
0389
0576
0389
0576
0389
0576
0389
0576
0389
0576
0389
0576
0389
0576
0389
0576
0389
0576
0576
0576
0389
0576
0191
0191
0191
0191
0389
0576
0389
0576
0191
0389
0576
0389
0576
0389
0576
0191
0191
0191
0191
0574
0574
0574
0501
0389
0576
0389
0576
0191
0576
0389
0576
0389
0576
0191
0191
0191
0389
0576
0389
0576
0191
0389
0576
0576
0389
0576
0389
0576
0389
0576
0191
0191
0191
0379
0191
0191
0389
0576
0389
0576
0389
0576
0389
0576
0389
0576
0389
0576
0508
0508
0576
0576
0576
0576
0576
0576
0576
0576
0576
0576
0576
0576
0576
0576
0576
0576
0576
0576
0576
0576
0576
0576
0576
0576
0576
0576
0576
0574
0576
0576
0576
0576
0576
0576
0576
0576
0576
0576
0576
0576
0576
0576
0576
0576
0576
0576
0576
0576
0576
0576
0576
0576
0576
0576
0576
0576
0576
0576
0576
0389
0389
0389
0389
0389
0389
0389
0389
0389
0389
0389
0389
0389
0389
0389
0389
0389
0389
0389
0389
0389
0389
0389
0389
0389
0389
0389
0574
0389
0389
0389
0389
0389
0389
0389
0389
0389
0389
0389
0389
0389
0389
0389
0389
0389
0389
0389
0389
0389
0389
0389
0389
0389
0389
0389
0389
0389
0389
0389
0389
0389
0576
0389
0576
0389
0576
0389
0576
0389
0389
0576
0576
0389
0576
0389
0576
0389
0576
0389
0576
0389
0576
0389
0576
0389
0576
0389
0576
0389
0576
0389
0576
0389
0576
0389
0576
0574
0389
0576
0389
0576
0389
0389
0389
0389
0389
0389
0389
0389
0508
0389
0389
0574
0389
0576
0389
0576
0389
0576
0508
0508
0508
0508
0389
0576
0389
0576
0389
0576
0191
0389
0576
0389
0576
0191
0389
0576
0389
0191
0389
0191
0191
0389
0389
0389
0389
0389
0389
0389
0389
0389
0389
0389
0191
0191
0191
0389
0389
0389
0389
0389
0389
0389
0191
0191
0389
0389
0389
0389
0389
0389
0389
0389
0389
0191
0389
0389
0389
0574
0389
0389
0389
0574
0191
0389
0389
0191
0389
0191
0191
0389
0389
0574
0389
0389
0389
0367
0389
0389
0389
0389
0389
0389
0389
0389
0389
0191
0389
0389
0191
0191
0389
0389
0574
0389
0191
0389
0389
0389
0389
0389
0389
0377
0389
0389
0389
0389
0389
0389
0389
0389
0389
0389
0389
0389
0389
0191
0389
0389
0574
0389
0389
0389
0389
0389
0191
0389
0389
0389
0389
0389
0389
0191
0389
0389
0389
0576
0191
0576
0576
0191
0576
0191
0576
0576
0576
0576
0576
0576
0576
0576
0576
0576
0576
0191
0191
0191
0576
0576
0576
0576
0576
0576
0576
0191
0191
0576
0576
0576
0576
0576
0576
0576
0576
0576
0576
0576
0191
0576
0576
0576
0574
0576
0576
0576
0576
0574
0576
0576
0191
0576
0576
0191
0576
0576
0191
0191
0576
0576
0574
0576
0389
0576
0576
0576
0576
0576
0576
0576
0576
0576
0576
0576
0576
0576
0576
0576
0576
0576
0191
0576
0576
0191
0191
0576
0576
0574
0576
0191
0576
0576
0576
0576
0576
0576
0377
0576
0576
0576
0576
0576
0576
0576
0576
0576
0576
0576
0576
0576
0576
0191
0576
0576
0574
0576
0576
0576
0576
0576
0191
0576
0576
0576
0576
0576
0576
0191
0576
0576
0576
0576
0389
0389
0389
0389
0389
0389
0389
0389
0389
0389
0389
0389
0191
0389
0191
0389
0191
0389
0191
0389
0389
0389
0389
0389
0389
0574
0574
0389
0389
0389
0574
0574
0389
0576
0389
0576
0389
0576
0389
0576
0576
0389
0576
0389
0389
0576
0576
0389
0574
0576
0389
0389
0576
0191
0191
0191
0389
0576
0389
0576
0389
0576
0191
0389
0576
2153
2153
1567
2153
1567
1899
2153
1899
1899
1899
1567
1849
1567
1899
1899
1899
2427
2427
2427
1551
2427
0389
0576
0389
0576
0389
0576
0389
0576
0389
0576
0574
0574
0389
0576
0574
0389
0576
0389
0576
0389
0576
0191
0389
0576
0191
0501
0508
0389
0576
0389
0576
0389
0576
0389
0576
0389
0576
0389
0576
0389
0576
0389
0576
0389
0576
0389
0576
0389
0576
0389
0576
0389
0576
0389
0576
0389
0576
0574
0389
0576
0389
0576
0576
0389
0576
0389
0576
0389
0576
0389
0576
0574
0576
0389
0576
0576
1194
1899
0389
0576
0389
0576
0389
0576
0576
0576
0389
0576
0389
0576
0389
0576
0389
0576
0389
0576
0389
0576
0389
0576
0389
0576
0389
0576
0574
0389
0576
0574
0576
0389
0389
0576
0574
0574
0389
0576
0389
0576
0389
0576
0191
0576
0191
0389
0576
0191
0191
0576
0389
0576
0389
0389
0576
0389
0576
0389
0576
0389
0576
0389
0576
0191
0389
0576
0389
0576
0379
0379
0379
0379
0379
0379
0379
0389
0576
0574
0574
0574
0389
0576
0574
0389
0576
0389
0576
0574
0389
0576
0389
0576
0389
0576
0389
0576
0389
0576
0574
0574
0574
0389
0576
0574
0389
0576
0574
0389
0576
0389
0576
0389
0576
0389
0576
0389
0576
0389
0576
0574
0574
0389
0576
0389
0576
0389
0576
0389
0576
0389
0576
0389
0574
0389
0574
0576
0389
0576
0389
0576
0389
0576
0191
0389
0576
0389
0576
0389
0576
0389
0576
0389
0576
0389
0576
0389
0576
0574
0389
0576
0389
0576
0389
0576
0508
0508
0508
0508
0574
0508
0389
0576
0389
0576
0191
0389
0576
0389
0576
0389
0576
0389
0576
0389
0576
0389
0576
0389
0576
0389
0576
0389
0576
0574
0191
0389
0576
0389
0576
0191
0389
0576
0389
0576
0389
0576
0389
0576
0191
0389
0576
0389
0576
0191
0389
0576
0389
0576
0389
0576
0389
0576
0389
0576
0389
0576
0389
0576
0389
0576
0389
0576
0574
0389
0576
0389
0576
0389
0576
0389
0576
0389
0576
0389
0576
0389
0576
0574
0191
0389
0576
0389
0576
0389
0576
0191
0191
0191
0389
0576
0389
0389
0576
0389
0576
0389
0576
0389
0576
0389
0576
0389
0576
0389
0576
0389
0576
0389
0576
0389
0576
0389
0576
0389
0576
0389
0576
0191
0389
0576
0389
0576
0191
0389
0576
0389
0576
0389
0576
0389
0576
0389
0576
0389
0576
0389
0576
0389
0576
0389
0576
0389
0576
0389
0576
0389
0576
0389
0576
0389
0576
0191
0574
0389
0576
0389
0576
0389
0576
0389
0576
0389
0576
0389
0576
0389
0576
0389
0576
0389
0576
0574
0389
0576
0389
0576
0389
0576
0389
0576
0389
0576
0191
0389
0576
0389
0576
0389
0576
0191
0389
0576
0389
0576
0389
0576
0389
0576
0389
0576
0389
0576
0389
0576
0191
0389
0576
0389
0576
0389
0576
0389
0576
0576
0576
0389
0576
0576
0389
0389
0576
0389
0576
0374
0191
0191
0389
0576
0389
0389
0389
0389
0389
0389
0508
0191
0389
0576
0389
0576
0191
0191
0389
0576
0389
0576
0389
0576
0389
0576
0389
0576
0389
0576
0389
0576
0389
0576
0389
0576
0191
0389
0576
0576
0389
0576
0389
0576
0389
0576
0389
0576
0389
0576
0389
0576
0576
0389
0576
0389
0576
0191
0389
0576
0389
0576
0389
0576
0191
0191
0576
0389
0576
0389
0389
0576
0191
0576
0389
0389
0576
0389
0576
*
0662
0584
0662
0662
0527
0584
0471
0584
0471
0471
*
0064
0681
1681
0064
0218
0681
0681
0681
0681
0681
0681
0681
0681
0681
0064
0681
0220
0064
0064
0064
0220
0220
0681
0681
0681
0681
0681
0681
0681
0681
0681
0681
0681
0681
0681
0681
0681
0681
0681
0681
0681
0681
0681
0681
0681
0681
0681
0681
1681
0121
0681
0681
0681
0681
0681
0681
0681
0681
0681
0681
0681
0681
0681
0681
0681
0681
0681
1181
0681
0681
0681
1181
1181
0681
0681
0681
1181
1681
0681
0681
0681
0681
0681
0681
0681
0681
0681
0681
1681
1681
1681
1681
1681
1681
0681
1681
0681
0681
0681
0681
0681
1681
0681
1681
0681
0681
1681
0681
0681
0681
0681
1681
1681
0681
1681
0681
0681
0681
0681
0681
0681
0681
0681
0681
0681
0681
1681
0681
0681
0681
0681
0681
0681
1681
0681
0681
1681
1681
1681
0681
1681
0681
0681
0681
0681
0681
0681
0681
1181
1181
1181
1681
1681
1681
1681
0681
1681
0681
1681
0681
0681
0681
1681
0681
0681
0681
1681
0681
0681
0681
0681
1681
0681
0681
0681
0681
0681
0681
1681
0681
0681
1181
1181
0681
0681
1181
1181
1181
0681
0681
0681
0681
0681
0681
0681
0681
0681
0681
0681
0681
0681
0681
0681
0681
0681
0681
0681
0681
0681
0681
0681
0681
0681
0681
0681
0681
0681
0681
0681
0681
0681
0681
0681
0681
0681
0681
0681
0681
0446
0681
0681
0681
0681
0681
0681
0681
0399
0681
0681
0399
0681
0681
0681
0681
0399
0399
0399
0246
0399
0399
0246
0681
0681
0064
0681
0681
0681
0218
0218
0218
0218
0218
0681
0399
0399
0399
0399
0681
0681
0681
0681
0681
0681
0064
0634
0634
0634
0634
0634
0634
0759
0759
0759
0759
0759
0678
0759
0759
0759
0759
0759
0759
0759
0711
0681
0681
0681
0681
0681
0681
0681
0681
0681
0681
0681
0681
0681
0681
0681
0681
0681
0681
0681
0681
0681
0681
0681
0681
0681
0681
0681
0681
0711
0681
2146
2146
2146
2146
0681
0681
0681
0681
0681
1846
1846
1846
1846
2146
2146
2146
1846
1846
1846
2146
1846
2146
2146
2146
2146
2146
2146
2146
2146
2146
0681
0681
0681
0681
0681
0681
1846
1846
1846
1846
2146
2146
2146
1846
1846
1846
1846
1846
1846
1846
1846
2146
1846
2146
1846
2146
2146
2146
1846
1846
1846
2146
2146
2146
2146
2146
0681
2146
1846
0681
2146
0681
0681
0681
1846
1846
1846
1846
1846
1846
1846
1846
1846
1846
1846
1846
2146
2146
2146
2146
1846
2146
2146
2146
0681
0681
1846
1846
1846
1846
2146
2146
1846
1846
1846
1846
2146
1846
1846
1846
1846
2146
1846
1846
2146
2146
1846
1846
1846
1846
2146
2146
1846
1846
0681
0681
0681
0681
0681
0681
0681
0681
0681
0681
0681
1681
0681
0681
0681
0681
0681
0681
0681
0681
0681
0681
0681
0681
0681
0681
0681
0681
0681
0681
0681
0681
*
1065
1065
1065
0263
0439
1065
1065
1065
1165
1065
1465
1465
1465
1065
1065
1065
1065
1065
1065
1065
1065
1065
1065
1065
0547
0390
0065
0439
0439
0390
0275
0439
0439
0263
0263
0263
0322
1613
1613
1177
1613
1613
0263
*
2071
*
0828
0828
0828
*
0065
0446
0446
0446
0446
0922
0615
0399
0246
0246
0246
2057
0922
0065
0065
0065
0065
0065
0065
0065
0065
0065
0065
0065
0065
0065
0065
0037
0742
0446
0446
*
0446
0440
