!POPULATE
*
0246 
0100 
0245 
0275 
0304 
*
1219 
1295 
0646 
2273 
*
1748 
0649 
0065 
1276 
1084 
*
0742 
1317 
0836 
2029 
1336 
*
1673 
2196 
*
9999
*
2134 
1893 
2195
1695 
1877 
*
0653
2060
2010 
0527 
0584 
*
1191 
1065 
1695 
2307 
*
1068 
1341 
2137 
1551 
2208 
*
0245 
0634 
0065 
0037 
0236
*
9999
*
0653 
0588 
0102 
0137 
0371 
*
1065 
0065 
0584 
0696 
0037 
*
0245 
0191 
0377 
0064 
0391 
*
2401 
2060 
2128 
1799 
1815 
*
0245 
0402 
0037 
0244 
0246 
*
0653 
0588 
0371 
0315 
0137 
*
0136 
0137 
0101 
0527 
0253 
*
0132 
0218 
0220 
0363 
0063 
*
1224 
1297 
*
1536 
0536 
1695
0063 
0581 
*
2010 
1798 
*
0205 
0544 
0103 
0374 
0584 
*
1899 
*
0220 
*
2134 
1877 
1803 
1642 
2196 
*
0742 
0065 
0743 
0584 
1944
*
9999
*
1783 
0206 
0908 
1404 
1694 
*
1755 
1573 
2075 
1893 
*
1065 
1191 
1613 
1695 
0065 
*
0300 
*
9999
*
0904 
*
2139 
1616 
1570 
1783 
1541 
*
0065 
0584 
0245 
*
2170 
1391 
1875 
*
2134 
*
9999
*
1695 
1177 
2307 
*
1065 
0471 
0245 
0304 
0446 
*
1065 
1276 
0696 
0584 
0065 
*
0742 
1680 
*
9999
*
2011 
1695 
1352 
2162 
2240
*
0584 
*
9999
*
0662 
*
9999
*
0678 
0825 
1604 
*
1641 
*
0391 
0245 
*
9999
*
